0.000000000000000000e+00
8.000000000000000000e+01
1.600000000000000000e+02
2.400000000000000000e+02
3.200000000000000000e+02
4.000000000000000000e+02
4.800000000000000000e+02
5.600000000000000000e+02
6.400000000000000000e+02
7.200000000000000000e+02
8.000000000000000000e+02
8.800000000000000000e+02
9.600000000000000000e+02
1.040000000000000000e+03
1.120000000000000000e+03
1.200000000000000000e+03
1.280000000000000000e+03
1.360000000000000000e+03
1.440000000000000000e+03
1.520000000000000000e+03
1.600000000000000000e+03
1.680000000000000000e+03
1.760000000000000000e+03
1.840000000000000000e+03
1.920000000000000000e+03
2.000000000000000000e+03
2.080000000000000000e+03
2.160000000000000000e+03
2.240000000000000000e+03
2.320000000000000000e+03
2.400000000000000000e+03
2.480000000000000000e+03
2.560000000000000000e+03
2.640000000000000000e+03
2.720000000000000000e+03
2.800000000000000000e+03
2.880000000000000000e+03
2.960000000000000000e+03
3.040000000000000000e+03
3.120000000000000000e+03
3.200000000000000000e+03
3.280000000000000000e+03
3.360000000000000000e+03
3.440000000000000000e+03
3.520000000000000000e+03
3.600000000000000000e+03
3.680000000000000000e+03
3.760000000000000000e+03
3.840000000000000000e+03
3.920000000000000000e+03
4.000000000000000000e+03
4.080000000000000000e+03
4.160000000000000000e+03
4.240000000000000000e+03
4.320000000000000000e+03
4.400000000000000000e+03
4.480000000000000000e+03
4.560000000000000000e+03
4.640000000000000000e+03
4.720000000000000000e+03
4.800000000000000000e+03
4.880000000000000000e+03
4.960000000000000000e+03
5.040000000000000000e+03
5.120000000000000000e+03
5.200000000000000000e+03
5.280000000000000000e+03
5.360000000000000000e+03
5.440000000000000000e+03
5.520000000000000000e+03
5.600000000000000000e+03
5.680000000000000000e+03
5.760000000000000000e+03
5.840000000000000000e+03
5.920000000000000000e+03
6.000000000000000000e+03
6.080000000000000000e+03
6.160000000000000000e+03
6.240000000000000000e+03
6.320000000000000000e+03
6.400000000000000000e+03
6.480000000000000000e+03
6.560000000000000000e+03
6.640000000000000000e+03
6.720000000000000000e+03
6.800000000000000000e+03
6.880000000000000000e+03
6.960000000000000000e+03
7.040000000000000000e+03
7.120000000000000000e+03
7.200000000000000000e+03
7.280000000000000000e+03
7.360000000000000000e+03
7.440000000000000000e+03
7.520000000000000000e+03
7.600000000000000000e+03
7.680000000000000000e+03
7.760000000000000000e+03
7.840000000000000000e+03
7.920000000000000000e+03
8.000000000000000000e+03
8.080000000000000000e+03
8.160000000000000000e+03
8.240000000000000000e+03
8.320000000000000000e+03
8.400000000000000000e+03
8.480000000000000000e+03
8.560000000000000000e+03
8.640000000000000000e+03
8.720000000000000000e+03
8.800000000000000000e+03
8.880000000000000000e+03
8.960000000000000000e+03
9.040000000000000000e+03
9.120000000000000000e+03
9.200000000000000000e+03
9.280000000000000000e+03
9.360000000000000000e+03
9.440000000000000000e+03
9.520000000000000000e+03
9.600000000000000000e+03
9.680000000000000000e+03
9.760000000000000000e+03
9.840000000000000000e+03
9.920000000000000000e+03
1.000000000000000000e+04
1.008000000000000000e+04
1.016000000000000000e+04
1.024000000000000000e+04
1.032000000000000000e+04
1.040000000000000000e+04
1.048000000000000000e+04
1.056000000000000000e+04
1.064000000000000000e+04
1.072000000000000000e+04
1.080000000000000000e+04
1.088000000000000000e+04
1.096000000000000000e+04
1.104000000000000000e+04
1.112000000000000000e+04
1.120000000000000000e+04
1.128000000000000000e+04
1.136000000000000000e+04
1.144000000000000000e+04
1.152000000000000000e+04
1.160000000000000000e+04
1.168000000000000000e+04
1.176000000000000000e+04
1.184000000000000000e+04
1.192000000000000000e+04
1.200000000000000000e+04
1.208000000000000000e+04
1.216000000000000000e+04
1.224000000000000000e+04
1.232000000000000000e+04
1.240000000000000000e+04
1.248000000000000000e+04
1.256000000000000000e+04
1.264000000000000000e+04
1.272000000000000000e+04
1.280000000000000000e+04
1.288000000000000000e+04
1.296000000000000000e+04
1.304000000000000000e+04
1.312000000000000000e+04
1.320000000000000000e+04
1.328000000000000000e+04
1.336000000000000000e+04
1.344000000000000000e+04
1.352000000000000000e+04
1.360000000000000000e+04
1.368000000000000000e+04
1.376000000000000000e+04
1.384000000000000000e+04
1.392000000000000000e+04
1.400000000000000000e+04
1.408000000000000000e+04
1.416000000000000000e+04
1.424000000000000000e+04
1.432000000000000000e+04
1.440000000000000000e+04
1.448000000000000000e+04
1.456000000000000000e+04
1.464000000000000000e+04
1.472000000000000000e+04
1.480000000000000000e+04
1.488000000000000000e+04
1.496000000000000000e+04
1.504000000000000000e+04
1.512000000000000000e+04
1.520000000000000000e+04
1.528000000000000000e+04
1.536000000000000000e+04
1.544000000000000000e+04
1.552000000000000000e+04
1.560000000000000000e+04
1.568000000000000000e+04
1.576000000000000000e+04
1.584000000000000000e+04
1.592000000000000000e+04
1.600000000000000000e+04
1.608000000000000000e+04
1.616000000000000000e+04
1.624000000000000000e+04
1.632000000000000000e+04
1.640000000000000000e+04
1.648000000000000000e+04
1.656000000000000000e+04
1.664000000000000000e+04
1.672000000000000000e+04
1.680000000000000000e+04
1.688000000000000000e+04
1.696000000000000000e+04
1.704000000000000000e+04
1.712000000000000000e+04
1.720000000000000000e+04
1.728000000000000000e+04
1.736000000000000000e+04
1.744000000000000000e+04
1.752000000000000000e+04
1.760000000000000000e+04
1.768000000000000000e+04
1.776000000000000000e+04
1.784000000000000000e+04
1.792000000000000000e+04
1.800000000000000000e+04
1.808000000000000000e+04
1.816000000000000000e+04
1.824000000000000000e+04
1.832000000000000000e+04
1.840000000000000000e+04
1.848000000000000000e+04
1.856000000000000000e+04
1.864000000000000000e+04
1.872000000000000000e+04
1.880000000000000000e+04
1.888000000000000000e+04
1.896000000000000000e+04
1.904000000000000000e+04
1.912000000000000000e+04
1.920000000000000000e+04
1.928000000000000000e+04
1.936000000000000000e+04
1.944000000000000000e+04
1.952000000000000000e+04
1.960000000000000000e+04
1.968000000000000000e+04
1.976000000000000000e+04
1.984000000000000000e+04
1.992000000000000000e+04
2.000000000000000000e+04
2.008000000000000000e+04
2.016000000000000000e+04
2.024000000000000000e+04
2.032000000000000000e+04
2.040000000000000000e+04
2.048000000000000000e+04
2.056000000000000000e+04
2.064000000000000000e+04
2.072000000000000000e+04
2.080000000000000000e+04
2.088000000000000000e+04
2.096000000000000000e+04
2.104000000000000000e+04
2.112000000000000000e+04
2.120000000000000000e+04
2.128000000000000000e+04
2.136000000000000000e+04
2.144000000000000000e+04
2.152000000000000000e+04
2.160000000000000000e+04
2.168000000000000000e+04
2.176000000000000000e+04
2.184000000000000000e+04
2.192000000000000000e+04
2.200000000000000000e+04
2.208000000000000000e+04
2.216000000000000000e+04
2.224000000000000000e+04
2.232000000000000000e+04
2.240000000000000000e+04
2.248000000000000000e+04
2.256000000000000000e+04
2.264000000000000000e+04
2.272000000000000000e+04
2.280000000000000000e+04
2.288000000000000000e+04
2.296000000000000000e+04
2.304000000000000000e+04
2.312000000000000000e+04
2.320000000000000000e+04
2.328000000000000000e+04
2.336000000000000000e+04
2.344000000000000000e+04
2.352000000000000000e+04
2.360000000000000000e+04
2.368000000000000000e+04
2.376000000000000000e+04
2.384000000000000000e+04
2.392000000000000000e+04
2.400000000000000000e+04
2.408000000000000000e+04
2.416000000000000000e+04
2.424000000000000000e+04
2.432000000000000000e+04
2.440000000000000000e+04
2.448000000000000000e+04
2.456000000000000000e+04
2.464000000000000000e+04
2.472000000000000000e+04
2.480000000000000000e+04
2.488000000000000000e+04
2.496000000000000000e+04
2.504000000000000000e+04
2.512000000000000000e+04
2.520000000000000000e+04
2.528000000000000000e+04
2.536000000000000000e+04
2.544000000000000000e+04
2.552000000000000000e+04
2.560000000000000000e+04
2.568000000000000000e+04
2.576000000000000000e+04
2.584000000000000000e+04
2.592000000000000000e+04
2.600000000000000000e+04
2.608000000000000000e+04
2.616000000000000000e+04
2.624000000000000000e+04
2.632000000000000000e+04
2.640000000000000000e+04
2.648000000000000000e+04
2.656000000000000000e+04
2.664000000000000000e+04
2.672000000000000000e+04
2.680000000000000000e+04
2.688000000000000000e+04
2.696000000000000000e+04
2.704000000000000000e+04
2.712000000000000000e+04
2.720000000000000000e+04
2.728000000000000000e+04
2.736000000000000000e+04
2.744000000000000000e+04
2.752000000000000000e+04
2.760000000000000000e+04
2.768000000000000000e+04
2.776000000000000000e+04
2.784000000000000000e+04
2.792000000000000000e+04
2.800000000000000000e+04
2.808000000000000000e+04
2.816000000000000000e+04
2.824000000000000000e+04
2.832000000000000000e+04
2.840000000000000000e+04
2.848000000000000000e+04
2.856000000000000000e+04
2.864000000000000000e+04
2.872000000000000000e+04
2.880000000000000000e+04
2.888000000000000000e+04
2.896000000000000000e+04
2.904000000000000000e+04
2.912000000000000000e+04
2.920000000000000000e+04
2.928000000000000000e+04
2.936000000000000000e+04
2.944000000000000000e+04
2.952000000000000000e+04
2.960000000000000000e+04
2.968000000000000000e+04
2.976000000000000000e+04
2.984000000000000000e+04
2.992000000000000000e+04
3.000000000000000000e+04
3.008000000000000000e+04
3.016000000000000000e+04
3.024000000000000000e+04
3.032000000000000000e+04
3.040000000000000000e+04
3.048000000000000000e+04
3.056000000000000000e+04
3.064000000000000000e+04
3.072000000000000000e+04
3.080000000000000000e+04
3.088000000000000000e+04
3.096000000000000000e+04
3.104000000000000000e+04
3.112000000000000000e+04
3.120000000000000000e+04
3.128000000000000000e+04
3.136000000000000000e+04
3.144000000000000000e+04
3.152000000000000000e+04
3.160000000000000000e+04
3.168000000000000000e+04
3.176000000000000000e+04
3.184000000000000000e+04
3.192000000000000000e+04
3.200000000000000000e+04
3.208000000000000000e+04
3.216000000000000000e+04
3.224000000000000000e+04
3.232000000000000000e+04
3.240000000000000000e+04
3.248000000000000000e+04
3.256000000000000000e+04
3.264000000000000000e+04
3.272000000000000000e+04
3.280000000000000000e+04
3.288000000000000000e+04
3.296000000000000000e+04
3.304000000000000000e+04
3.312000000000000000e+04
3.320000000000000000e+04
3.328000000000000000e+04
3.336000000000000000e+04
3.344000000000000000e+04
3.352000000000000000e+04
3.360000000000000000e+04
3.368000000000000000e+04
3.376000000000000000e+04
3.384000000000000000e+04
3.392000000000000000e+04
3.400000000000000000e+04
3.408000000000000000e+04
3.416000000000000000e+04
3.424000000000000000e+04
3.432000000000000000e+04
3.440000000000000000e+04
3.448000000000000000e+04
3.456000000000000000e+04
3.464000000000000000e+04
3.472000000000000000e+04
3.480000000000000000e+04
3.488000000000000000e+04
3.496000000000000000e+04
3.504000000000000000e+04
3.512000000000000000e+04
3.520000000000000000e+04
3.528000000000000000e+04
3.536000000000000000e+04
3.544000000000000000e+04
3.552000000000000000e+04
3.560000000000000000e+04
3.568000000000000000e+04
3.576000000000000000e+04
3.584000000000000000e+04
3.592000000000000000e+04
3.600000000000000000e+04
3.608000000000000000e+04
3.616000000000000000e+04
3.624000000000000000e+04
3.632000000000000000e+04
3.640000000000000000e+04
3.648000000000000000e+04
3.656000000000000000e+04
3.664000000000000000e+04
3.672000000000000000e+04
3.680000000000000000e+04
3.688000000000000000e+04
3.696000000000000000e+04
3.704000000000000000e+04
3.712000000000000000e+04
3.720000000000000000e+04
3.728000000000000000e+04
3.736000000000000000e+04
3.744000000000000000e+04
3.752000000000000000e+04
3.760000000000000000e+04
3.768000000000000000e+04
3.776000000000000000e+04
3.784000000000000000e+04
3.792000000000000000e+04
3.800000000000000000e+04
3.808000000000000000e+04
3.816000000000000000e+04
3.824000000000000000e+04
3.832000000000000000e+04
3.840000000000000000e+04
3.848000000000000000e+04
3.856000000000000000e+04
3.864000000000000000e+04
3.872000000000000000e+04
3.880000000000000000e+04
3.888000000000000000e+04
3.896000000000000000e+04
3.904000000000000000e+04
3.912000000000000000e+04
3.920000000000000000e+04
3.928000000000000000e+04
3.936000000000000000e+04
3.944000000000000000e+04
3.952000000000000000e+04
3.960000000000000000e+04
3.968000000000000000e+04
3.976000000000000000e+04
3.984000000000000000e+04
3.992000000000000000e+04
4.000000000000000000e+04
