1.550457033090106296e-01
4.224973470485193783e-02
4.515935234440775214e-02
3.077870921120976627e-02
2.975892111971861070e-02
5.583089848140297684e-02
9.618702790545754500e-01
9.675746206769590962e-01
9.702650419712058882e-01
9.609554783641541809e-01
9.723195203238524931e-01
9.615248480134521714e-01
9.522576940086971975e-01
9.848739593110870105e-01
9.699851595759463319e-01
9.649043854607077808e-01
9.737285385406498905e-01
9.759779297391498742e-01
9.647469726657073030e-01
9.713374020149256882e-01
9.795025641978045705e-01
9.667389300438303801e-01
9.699400783923503022e-01
9.569189433713606308e-01
9.618074674412080416e-01
9.709761008705412033e-01
9.595450785965934370e-01
9.699673555016713467e-01
9.628247568824499503e-01
9.698843575677755791e-01
9.620715032169718794e-01
9.617831103550661398e-01
9.563256708204049827e-01
9.737451224484473533e-01
9.532547969719625813e-01
9.655561610040362952e-01
9.584682913612250221e-01
9.597538388077415661e-01
9.649512815096247254e-01
9.438005050285608322e-01
9.582009954028126719e-01
9.618376104672168303e-01
9.578335446807941800e-01
9.515428208456708781e-01
9.660085285925106291e-01
9.567773370001732003e-01
9.612364597278377776e-01
9.429708647736199101e-01
9.351228191910699872e-01
9.439316729397876360e-01
9.611884696639874104e-01
9.579444638232940124e-01
9.539505698202287443e-01
9.439906944700933167e-01
9.658033278858716431e-01
9.521193263763296777e-01
9.592159251078266058e-01
9.592922800445355946e-01
9.605015610246296909e-01
9.639783101020413802e-01
9.469670541248881301e-01
9.532189806918633934e-01
9.492932913265391681e-01
9.561059150973513221e-01
9.497636410990735190e-01
9.579799474269838910e-01
9.490924186746630964e-01
9.590469010043969345e-01
9.408460310858295372e-01
9.529101944901511301e-01
9.510363416124675284e-01
9.562256503261487017e-01
9.513120217633500575e-01
9.438180341960619169e-01
9.579243432734635411e-01
9.565396026597504653e-01
9.367237806127145516e-01
9.585342657094947372e-01
9.409992414144594530e-01
9.253771793703233772e-01
9.537658122026054786e-01
9.375995709545698054e-01
9.415473499453403949e-01
9.269432841630866893e-01
9.291806749421823719e-01
9.539887371312590902e-01
9.360579209667340139e-01
9.380458406650324932e-01
9.399811121857639673e-01
9.279423310234635736e-01
9.230018437091359607e-01
9.307334311824358997e-01
9.382799983077543260e-01
9.361940582470897887e-01
9.380453864482360959e-01
9.431291853104447620e-01
9.334361664232280198e-01
9.340831075654305593e-01
9.192432296165233829e-01
9.342294530029524591e-01
9.329225096653389615e-01
9.393483337446876247e-01
9.417392064410619046e-01
9.442721749664895192e-01
9.411709788878811489e-01
9.284796141477265063e-01
9.363387838159886734e-01
9.253568992012680683e-01
9.289858303668192541e-01
9.338492596658103384e-01
9.287271329413492316e-01
9.327316906061955404e-01
9.359412291243811577e-01
9.238876745679003299e-01
9.321149224140372613e-01
9.205322477943476134e-01
9.279830363509951052e-01
9.109857707714770214e-01
9.217654706625093564e-01
9.200840914163175288e-01
9.357107413502027127e-01
9.433293525814689939e-01
9.160881964999484373e-01
9.100021900924866181e-01
9.244373971966701742e-01
9.367066090371147791e-01
9.426087505282726431e-01
9.335028295352539862e-01
9.236954456740654740e-01
9.281212243655703187e-01
9.270020173547666165e-01
9.285147154406890868e-01
9.171230275803118337e-01
9.281265231440033459e-01
9.241144990605957288e-01
9.318631748447184782e-01
9.224607114938819796e-01
9.159402754030090410e-01
9.104855019896859192e-01
9.207539130814740291e-01
9.309248297622605417e-01
9.175963451205453314e-01
9.392512884280750374e-01
9.130154540350522430e-01
9.227846520043053724e-01
9.159295672775041863e-01
9.242759213491518189e-01
9.324045021466238481e-01
9.007353270442849391e-01
9.099776060060426053e-01
9.280907451994068191e-01
9.160920357533052227e-01
9.044637057823888826e-01
9.151716815388740711e-01
8.946884961494776523e-01
9.103088677387239924e-01
8.993086646466332823e-01
9.178151776360307101e-01
9.191419264889078011e-01
9.023502680537256460e-01
9.026515976353475246e-01
9.035594776318869314e-01
9.051299650258911589e-01
9.119642281955452345e-01
9.118909486471580284e-01
8.986591461842990958e-01
9.116293122746874644e-01
9.062680449047322284e-01
8.867401761596565013e-01
8.994865975845471873e-01
9.037217048222139226e-01
9.098031126397259083e-01
8.828409596213369070e-01
9.077584502347710860e-01
8.971625219033032561e-01
8.926539766798375908e-01
9.211808294156107468e-01
9.022552843982674098e-01
8.998311534360441399e-01
9.099960796125904361e-01
8.992651427975903999e-01
8.855931548086075633e-01
8.973020328965783943e-01
8.990995606007406993e-01
9.229592282330491004e-01
9.169748253230930457e-01
9.040553496260052002e-01
9.010929882301677019e-01
9.026705771667542511e-01
9.087810457098227657e-01
9.188857605092727310e-01
8.793872504018570568e-01
9.062466928237236097e-01
9.120985701424153547e-01
9.078144350132190121e-01
9.064217703129864301e-01
9.037498553802106871e-01
9.003630977741700070e-01
9.129839556909579157e-01
8.982717085469140716e-01
9.079934329415844108e-01
8.966695546993662669e-01
8.837637277990882945e-01
8.908187057552302557e-01
9.037876096737220699e-01
9.032221696925969434e-01
8.920909604608766585e-01
8.976407628060553145e-01
9.040101425027530224e-01
9.138968381700385279e-01
9.113351377509532059e-01
8.828827607683998879e-01
8.957503887260613862e-01
9.033253235293068339e-01
9.000437944635883980e-01
8.871656909780427647e-01
9.005832753531328727e-01
8.870202826444856248e-01
8.960825837702038887e-01
8.800402092145767075e-01
8.961264171506762022e-01
8.816987634087677383e-01
8.819545736574407879e-01
8.858441975895452458e-01
8.849584007985392686e-01
9.017852578506631023e-01
9.059646846516158369e-01
8.995743326955077945e-01
9.017918743665549464e-01
9.046000085227988707e-01
8.900122055709662749e-01
8.999318499066628618e-01
8.813169164667884470e-01
8.920339982116117783e-01
9.119795443820164493e-01
8.959675093113964595e-01
8.934891881575405259e-01
9.077228431461714653e-01
8.949061362970549549e-01
9.004636317543184276e-01
8.937821154963755399e-01
9.039699620493072407e-01
8.822111390102650441e-01
8.901742393323508473e-01
8.878751385467138491e-01
8.662270956404004574e-01
8.816761091352585122e-01
8.840377182401084610e-01
8.719757934788892051e-01
9.059901642235750341e-01
8.525671811640290754e-01
8.908503857608444099e-01
8.903453040132214280e-01
8.803352468465570624e-01
8.966972834117254987e-01
8.909839566268826783e-01
9.009682816689426055e-01
8.898148191727477396e-01
8.725813797385199022e-01
8.835694123216881746e-01
8.460853819093787642e-01
8.727338978458738517e-01
8.801832565495371075e-01
9.022573945896938952e-01
8.653762484182272452e-01
8.961906852120150591e-01
8.817642323885379607e-01
8.739281644171105201e-01
8.775623521904155622e-01
8.923423059421992098e-01
8.745063312149058410e-01
8.907822315202120755e-01
8.730984434472195410e-01
8.809620362048048436e-01
8.895822688747471174e-01
8.693057318125386734e-01
8.766376999262811553e-01
8.620636535214772911e-01
8.916343390644135836e-01
8.549609004046860861e-01
8.639026794291928546e-01
8.726405984753189404e-01
8.568750941694801559e-01
8.483464499388537750e-01
8.919671089316223433e-01
8.658027138309322135e-01
8.758696546186389709e-01
8.509363834311433061e-01
8.349655376042562915e-01
8.442402676196054667e-01
8.630244754601611445e-01
8.536312356422172121e-01
8.594732857683816674e-01
8.653549228577303021e-01
8.651582841458232975e-01
8.656882398088573405e-01
8.693677005279055736e-01
8.582910290624289340e-01
8.551559644483927025e-01
8.828073954441513216e-01
8.596907662020852881e-01
8.874409533630430724e-01
8.676729698895142562e-01
8.737378435106193386e-01
8.713949118633714797e-01
8.745948171382890157e-01
8.934740922006765285e-01
8.692048613944267643e-01
8.828903973217215873e-01
8.659142727360059633e-01
8.816847566682747273e-01
8.548285872553258447e-01
8.731932915387166094e-01
8.590337227506320561e-01
8.588560137499536840e-01
8.301041978484895445e-01
8.711895317073211631e-01
8.569729555451993663e-01
8.569531353302084487e-01
8.548349089287800018e-01
8.828205996818671020e-01
8.629394987761670466e-01
8.700091911278964307e-01
8.496175980428247732e-01
8.454036116578045323e-01
8.539969481356641801e-01
8.560217542919883460e-01
8.530701384180960911e-01
8.608572184457530252e-01
8.590001855492075400e-01
8.409421339664966411e-01
8.358475646380438828e-01
8.435304640112957220e-01
8.503758268077165061e-01
8.410921639517361381e-01
8.563394419370110588e-01
8.405095883704145621e-01
8.710512965172101385e-01
8.633067861651317898e-01
8.399017810133700968e-01
8.561557581915743009e-01
8.457159683775282710e-01
8.664056505914697892e-01
8.492803000219699694e-01
8.558818660267991651e-01
8.616349633546548370e-01
8.649154914533703220e-01
8.408758960210220845e-01
8.314218265866775148e-01
8.385563532346778093e-01
8.503252269287483456e-01
8.056824962102543397e-01
8.325750752509263330e-01
8.617618907665802741e-01
8.274050861034754067e-01
8.779814853596994428e-01
8.678412615002236707e-01
8.213799197366427052e-01
8.392055691787149163e-01
8.381647462696327766e-01
8.665738996875690381e-01
8.417409031294532662e-01
8.479860369366040151e-01
8.326394429945184195e-01
8.549777270042598909e-01
8.485436933563816897e-01
8.625834361041615495e-01
8.569801910851140292e-01
8.378756208272349904e-01
8.369335089230244273e-01
8.607906505192453039e-01
8.496846352941216374e-01
8.469906898493121394e-01
8.229680575790661035e-01
8.282189516689631992e-01
8.417471238940552603e-01
8.362367707184321652e-01
8.502533208331940484e-01
8.579814511917170927e-01
8.488891249576356879e-01
8.334061897511176875e-01
8.650581553820361203e-01
8.603248792080933072e-01
8.432483564777285556e-01
8.253670759276553470e-01
8.426035569445341489e-01
8.233596548940266269e-01
8.750409365459845823e-01
8.324155454284312139e-01
8.061203523289925954e-01
8.280516270555637881e-01
8.410129675631425883e-01
8.460525639333614789e-01
8.519872005179935925e-01
8.349646094116398576e-01
8.388419635554593690e-01
8.332999296007295165e-01
8.690863059488571629e-01
8.478290309122271662e-01
8.522454302250066505e-01
8.366008605436228152e-01
8.508607861590892218e-01
8.349476972097161775e-01
8.453192903824574556e-01
8.428419930549336803e-01
8.389280903090801100e-01
8.330681427880497480e-01
8.609200765962908841e-01
8.508249495658383177e-01
8.471739579667908471e-01
8.581445989715075218e-01
8.476905748798769791e-01
8.349006003568896217e-01
8.179316417116645477e-01
8.508627780098240168e-01
8.517454983388325074e-01
8.178536068613793120e-01
8.215375988045086064e-01
8.242381848437860814e-01
8.263979257278433188e-01
8.479895124891442260e-01
8.290868660650748678e-01
8.470035274999271335e-01
8.042918610176973404e-01
8.260045280493055753e-01
8.220176106338284994e-01
8.360312083194574306e-01
8.465544105726033886e-01
8.452599944205735349e-01
8.210024530479874683e-01
8.241968687045559960e-01
8.440590278549072734e-01
8.647754898886778063e-01
8.361124757636901883e-01
8.489608463878923761e-01
8.412380615896402070e-01
8.219235636390032074e-01
8.280915759079882088e-01
8.297106152013480340e-01
8.571288559580789723e-01
8.304113674085032981e-01
8.226603832399511651e-01
8.413423528030832266e-01
7.992273494363897335e-01
8.011499635503256389e-01
8.020299918480072732e-01
8.168251019676809888e-01
8.049144694826163571e-01
8.018045199999599415e-01
8.181057953701529328e-01
8.040156560298058475e-01
8.181078008509916621e-01
8.080624787381193164e-01
8.288352910522771566e-01
8.139199069017979404e-01
8.242206910293361499e-01
8.359919614520600062e-01
8.171951063397039361e-01
8.279373659181110678e-01
8.257558251090967305e-01
8.176259467132763747e-01
8.248514744955603994e-01
8.339982464586416233e-01
8.051792425736730152e-01
7.529569611429897114e-01
7.754206820270603817e-01
6.963182872511456400e-01
7.457041382101277094e-01
7.393378635511244079e-01
8.002551622656394192e-01
7.698747860487922257e-01
7.569371588478520652e-01
7.322422801946617543e-01
7.898889006552431979e-01
7.838726684542767220e-01
8.098303049828072808e-01
7.876460015468466080e-01
7.879991612540708790e-01
8.059144008051842833e-01
7.986011207534975398e-01
7.877520948129853595e-01
7.428753522701734280e-01
7.379578750401701859e-01
7.556908592806657055e-01
7.420464780788346149e-01
7.648795672611410357e-01
7.267516484120846165e-01
7.342688286933537478e-01
7.620018414690724606e-01
7.893267494422248065e-01
8.001220449581951666e-01
7.989828988545913946e-01
8.219790004429058383e-01
8.048262806548609483e-01
7.908731670754420850e-01
8.238886371791624974e-01
8.348907698593268645e-01
8.098974284534762313e-01
7.993034881314788898e-01
8.205721325352337558e-01
7.861336339163933484e-01
