3.133260747660047141e-01
1.753300439135538902e-01
2.118508653880511183e-01
2.819439028474864384e-01
3.020005034528299159e-01
3.911455233387713948e-01
4.465050542938566180e-01
4.850001731312941766e-01
5.236306074258690879e-01
5.929996439399358721e-01
6.684602985443401924e-01
7.179993612291347693e-01
7.839995697621464643e-01
8.189999993619700991e-01
8.674174093952327080e-01
8.940340085002982384e-01
9.190197475404695560e-01
9.569838113001266633e-01
9.630000000958575113e-01
9.819926843310140541e-01
9.830050527221871892e-01
9.699999994103843948e-01
9.679999999593050797e-01
9.539964622320125098e-01
9.209999834626158011e-01
8.980861368347363705e-01
8.567162046189463753e-01
8.139999681024028266e-01
7.500004074305633983e-01
6.910000058754248720e-01
6.470013450046040449e-01
5.999505965860518764e-01
5.166528204825177051e-01
5.143033093262339150e-01
4.039995760488688803e-01
3.658034893663159592e-01
3.079995566613031310e-01
2.607525227100683796e-01
2.320008254849239004e-01
1.961926717917638063e-01
1.517681330234912362e-01
1.138927051211078012e-01
1.080147142771917951e-01
7.699799778400366612e-02
7.165223991232534673e-02
6.614683487600535317e-02
7.951185616087709518e-02
6.200553567397189270e-02
1.093757214711027631e-01
9.007312816090774776e-02
1.320927378045347600e-01
1.964804747365377358e-01
2.394632851990223243e-01
2.806091064415501268e-01
3.083810941863128208e-01
3.446818562095602112e-01
3.832105670304778444e-01
4.557934704090085276e-01
5.119961421515217825e-01
5.953675478974239654e-01
6.250040134720452611e-01
7.260000182324992668e-01
7.529945340823456235e-01
7.813022782705142388e-01
8.001073315307457579e-01
8.612409444876937270e-01
8.989998949634210312e-01
9.171796591997356529e-01
9.479999993754775200e-01
9.559999704975427059e-01
9.548812038392596735e-01
9.539997804000420745e-01
9.520000102441453782e-01
9.339863886134319726e-01
9.180008368780031569e-01
8.769995026634742619e-01
8.539967308130127499e-01
7.939963212371772272e-01
7.619994353246113405e-01
7.259986674087571812e-01
6.592566696672308435e-01
6.250005803801419457e-01
5.699985668856353271e-01
5.279954485557630806e-01
4.724559417235906222e-01
4.124498776200297701e-01
3.781426601083960892e-01
2.983249958798797064e-01
2.400770634776632217e-01
2.226298450600032175e-01
1.700000010083541624e-01
1.556143239016306024e-01
1.305942295929435892e-01
9.924708188800601683e-02
9.540473640998131666e-02
1.057054406861134277e-01
9.179058201510564841e-02
9.693903097950454240e-02
9.359986045654122844e-02
1.269989565806265430e-01
1.299994004311318674e-01
1.969306871642797219e-01
2.085578212576507384e-01
2.822995559512567199e-01
3.117341139057770993e-01
3.258102824348229620e-01
4.049452743599828430e-01
4.255446299720829217e-01
4.880333432450693065e-01
5.350004427533849860e-01
5.925707763821542740e-01
6.709992571417905394e-01
6.999790060317434559e-01
7.459999460306979691e-01
7.830860080685702052e-01
8.141309540599233063e-01
8.568777951146132610e-01
8.710025052356175079e-01
9.069999964104099588e-01
9.342569586963631600e-01
9.440000000331624230e-01
9.400589114422917003e-01
9.399999955240974092e-01
9.189999799191569396e-01
8.959999823700379729e-01
8.885809667415045521e-01
8.479999997880829365e-01
8.109684525597492533e-01
7.539599754805890175e-01
7.440128406416577356e-01
6.650000807002338643e-01
6.370028331636826691e-01
5.449606679996665815e-01
5.307157149795845852e-01
4.950204939685773908e-01
3.920024214425724129e-01
3.869999997748055920e-01
2.960331961203937490e-01
2.884589172246326827e-01
2.611023997601276125e-01
2.190083258830950452e-01
1.743012150476013766e-01
1.619913784827362035e-01
1.351331152569432426e-01
1.037197082220443350e-01
1.149051001274427747e-01
1.160092582858519156e-01
1.010156735407513051e-01
9.966771039828009604e-02
1.219998692406492474e-01
1.499527736593822824e-01
1.590224688349718418e-01
2.179935170552700086e-01
2.240030521422120280e-01
2.519959241079103851e-01
3.517323221823102086e-01
3.739415860125687718e-01
4.259999622390611140e-01
4.399913251577349804e-01
5.190001590909600893e-01
5.534449055072391266e-01
6.249341149429006315e-01
6.679996179305207615e-01
7.229912857331366460e-01
7.529683284864633341e-01
7.759998258979703412e-01
8.180000019114395116e-01
8.464657098143599789e-01
8.719999944154656069e-01
9.099999778405387652e-01
8.877379383140210356e-01
9.090000000339357733e-01
8.949999976905393950e-01
8.839997531384871099e-01
8.669533988608061348e-01
8.349999997923798212e-01
8.530004458522403299e-01
7.819934017761577261e-01
7.871118432161779976e-01
7.162296397388152602e-01
6.870500322010404393e-01
6.180000033192072362e-01
6.229229630262155260e-01
5.470058742428801635e-01
4.900228054734379057e-01
4.629794045393067492e-01
4.424611174269555969e-01
3.776246938604550518e-01
3.198261495310979474e-01
3.088153973674716002e-01
2.567687315591155039e-01
2.242057344521751483e-01
2.199466728059035203e-01
1.879734388188467886e-01
1.452736057416015025e-01
1.561523084399581707e-01
1.350000259255549617e-01
1.593933876642392999e-01
1.638707196541571987e-01
1.600000785245850043e-01
1.819993452560551561e-01
