8.772984714948492968e-01
7.135698459484025591e-01
4.355109324836133888e-01
1.955929886413554641e-01
6.609558265591668202e-02
4.656394190159392210e-02
9.732482011494915375e-02
2.807983266827882018e-01
4.975388803760862344e-01
6.801443053961437890e-01
8.040933221233393935e-01
8.117865224004533475e-01
7.553379219667853972e-01
6.220787592650832698e-01
4.536284796646247175e-01
4.055656533467531522e-01
3.011781098119442057e-01
2.966246435318435348e-01
3.042384519233999329e-01
3.769530507155338661e-01
4.351502860370675130e-01
4.429011534237153325e-01
5.339571735802174368e-01
4.929874314649346778e-01
5.086141334256560897e-01
4.729480933671962317e-01
4.843585649208879684e-01
5.134573214038690159e-01
5.671346296825119371e-01
6.574876065827996996e-01
6.448881073947092535e-01
6.694063196495848578e-01
5.135209662693910326e-01
3.804138597767522390e-01
2.848931082940664994e-01
2.247716187940581867e-01
1.989630312078069507e-01
1.972431461766584460e-01
4.120039106259620887e-01
4.937230082215934290e-01
7.085473181120587327e-01
8.373156490495909932e-01
8.628875832123490408e-01
7.841351802842514429e-01
6.138755727184143085e-01
4.677995794568117205e-01
2.546425977124102125e-01
1.405904675276000715e-01
1.042815709449499001e-01
1.854561860293618969e-01
3.226901993414746928e-01
5.459943745243986957e-01
6.647343301392474313e-01
7.700990581655623446e-01
7.955738481466457790e-01
7.393955926733913886e-01
6.350433030105651078e-01
4.668204718150846255e-01
3.653066712618312506e-01
2.221009281704741101e-01
2.152072086721242283e-01
3.022850009117432069e-01
3.600665352967045707e-01
5.117293602587973389e-01
5.587874136821160409e-01
5.975316767245060223e-01
5.906160574483115822e-01
6.300971570864768445e-01
5.831389244618546686e-01
4.703467879939070562e-01
4.361825162949140022e-01
4.583066579988543388e-01
3.989612720819278868e-01
4.729034757129466082e-01
4.560950576943397228e-01
4.629881706251562368e-01
4.717636585748893330e-01
4.257022238926717050e-01
3.881549776705875976e-01
3.606756111074978510e-01
3.721468045061129271e-01
4.274355772899393058e-01
5.275123624024423696e-01
6.058899903837877687e-01
6.678862265373217699e-01
6.311071979275203470e-01
5.874449907403241911e-01
5.166005575424028606e-01
3.981688395546679193e-01
3.069991663450178376e-01
2.532524572183004752e-01
2.619002430021082350e-01
3.170137201612675537e-01
4.178812442168805541e-01
5.763437266153130789e-01
6.508614691310289357e-01
7.107505286465809480e-01
7.197928389848630149e-01
6.412581954726491729e-01
5.239914804123680936e-01
3.829373235963461908e-01
2.917822609003919432e-01
2.614912232044199203e-01
2.927110407272313641e-01
3.430473954509840606e-01
4.333035452410913813e-01
5.287695924855236873e-01
5.845011520554759255e-01
6.535776332361163954e-01
6.607028660892483307e-01
5.654934000197987531e-01
4.990900677681481823e-01
4.169670927951931172e-01
4.066994848522280659e-01
3.650238899080998078e-01
3.710580574924375874e-01
4.250989657749618122e-01
4.248083831587217696e-01
4.390921843017573933e-01
5.048566357982328112e-01
4.937515036632074694e-01
4.937201352100260010e-01
4.700320709115304862e-01
4.217123868390862951e-01
5.019049118822767053e-01
5.256639569721236471e-01
5.097515532038527919e-01
5.369352655308227140e-01
5.266166593695075226e-01
4.821508607850396033e-01
4.190405064406598767e-01
4.154761414597300528e-01
3.511379243073461387e-01
3.713474752510181331e-01
3.828250739175761974e-01
4.243552762629108632e-01
4.987570771608738074e-01
5.731425201056499219e-01
6.235061058431863312e-01
6.494708174398327039e-01
6.335153011908769560e-01
5.043912126219776138e-01
4.245141050098171220e-01
3.103525938457668554e-01
2.341483820971841101e-01
2.576382973385811237e-01
3.498140759607751837e-01
4.077904919351965085e-01
5.648219663971847382e-01
6.120813200700239154e-01
6.602657212379605678e-01
6.637665049098646630e-01
5.995805687792540306e-01
5.043601285392712574e-01
4.238913787963345947e-01
3.513860055571207952e-01
2.828993218790019082e-01
2.969080347775305828e-01
3.933743487719530418e-01
4.335872090371868937e-01
4.938180069921118687e-01
5.803191883737381929e-01
5.769899012811525729e-01
5.894686545795220223e-01
5.440120041139493434e-01
4.954330141112768815e-01
4.839156147830552812e-01
4.403893234031065473e-01
4.074244932883652748e-01
4.201054631332485911e-01
4.639366963116768328e-01
4.081686716706679485e-01
4.992134338480828659e-01
4.632969856016425081e-01
4.637308674053732815e-01
4.294149450242443211e-01
4.167477816613033292e-01
4.494569163759524755e-01
4.629796076840855257e-01
5.503973937484517576e-01
5.758759079980109163e-01
6.313305020380618471e-01
5.778077662613622101e-01
5.403202413281760208e-01
4.421257160343849413e-01
4.109634801719043717e-01
3.041065399125088553e-01
2.849732271090049118e-01
3.260583127959214012e-01
4.135087788326095026e-01
4.850090333238579743e-01
5.595287567798610251e-01
6.951832287640716812e-01
7.075710428259222029e-01
6.531411731296622447e-01
5.680081525169247136e-01
4.719747939854456176e-01
3.415494812371495104e-01
2.790753062952935348e-01
2.727006175619630102e-01
3.192907987892030786e-01
3.224081856579193994e-01
4.387976158834214768e-01
5.632229956722168973e-01
6.156333917149569013e-01
6.535922833350360506e-01
6.494210084769044267e-01
5.104346039622208453e-01
4.454133794524612888e-01
3.723117363095059251e-01
3.451391082609642225e-01
3.313472123789262813e-01
3.770771896618742014e-01
4.271097654338741889e-01
4.436869979873546699e-01
4.602178098902521830e-01
4.868482743422616332e-01
5.037698379221068334e-01
4.711068086514244579e-01
4.681416778936511869e-01
4.646082510679820365e-01
4.910485015923020669e-01
4.973351687979629121e-01
4.881919677108064182e-01
5.246985479646825157e-01
4.930302260660319735e-01
4.790662583563855548e-01
4.276420927460399257e-01
4.090338798115590313e-01
4.066184763883541331e-01
4.132798393902735734e-01
4.065034671687128287e-01
4.730782452964703566e-01
5.082184400361031695e-01
5.327521773043376596e-01
5.961700554578567290e-01
6.084005847417108814e-01
6.081667897242304388e-01
5.210346499624478600e-01
4.406847128616457887e-01
3.258733005531035953e-01
3.299332198303752683e-01
3.134030635161527689e-01
3.150100434226198454e-01
4.219548594497146143e-01
4.992481241406898085e-01
5.857065997297119520e-01
6.164726017946560166e-01
6.337971870562344456e-01
5.616064122148267668e-01
5.354636846815951090e-01
4.537996346846732698e-01
3.990722057717162041e-01
3.051308777449158183e-01
2.701186521638764271e-01
2.791508720602980942e-01
4.048996390496432118e-01
4.579857447237161705e-01
5.200045902569873091e-01
5.584792607022568411e-01
5.249146997681547466e-01
5.417015570356878973e-01
5.006628444002576561e-01
4.812851810463706359e-01
4.213067334261740293e-01
4.538927696104800291e-01
4.498218013306635177e-01
4.303465132654000214e-01
4.347841839328928648e-01
4.352261765269042626e-01
4.714952050470732625e-01
4.191940404631457340e-01
4.683748445874902910e-01
4.209247921565297257e-01
4.689654628893056842e-01
4.746486303195366352e-01
4.463065706990997916e-01
5.046985345707285520e-01
5.215843791928599371e-01
5.113386257941979762e-01
4.945337227434185023e-01
4.542522388012033563e-01
3.987832967742190871e-01
3.895233821974086186e-01
3.257680512128031669e-01
3.509441651056984246e-01
4.008535400492044265e-01
4.304968169386737542e-01
5.319053937980356972e-01
5.881861960514689347e-01
5.991558271890239373e-01
5.537107777601391057e-01
5.424767608685931997e-01
4.412685093175460205e-01
3.974111665028798313e-01
3.239872271074485388e-01
3.336466072498688873e-01
2.957014210118835140e-01
3.732996984162647025e-01
4.714045025519303933e-01
4.857489928883086949e-01
5.788905652607720942e-01
5.593282655511633283e-01
5.723839954008280717e-01
5.149605034070452447e-01
4.397843450610879890e-01
4.359209254553818025e-01
3.431104375576267684e-01
3.391959551293688424e-01
3.455464902685300710e-01
3.750314289262955958e-01
4.110809772348673063e-01
4.609774161756713950e-01
4.332603012621675798e-01
4.441797023559808100e-01
4.754272453523267217e-01
4.514017443604601554e-01
4.291203971883720825e-01
4.268090616419918382e-01
4.065699659562619916e-01
4.208687011685933732e-01
4.171209514950662833e-01
4.163030382436718746e-01
3.962497874657492369e-01
4.493049931610395009e-01
4.519013463629832916e-01
4.230205417091604247e-01
3.874415738600650028e-01
4.143097756753795768e-01
4.783868155469462313e-01
4.520219792069157805e-01
5.294674656076008290e-01
5.551296389245169438e-01
5.132730397156158864e-01
5.220163351262702145e-01
4.235731557834888084e-01
3.456642395971264992e-01
3.438617765070203225e-01
3.027321451346982606e-01
3.178450162252534072e-01
3.524552019681380655e-01
4.172986211734704964e-01
4.655672250468075313e-01
5.515958791310096032e-01
5.532686145652119247e-01
5.544770433816528232e-01
4.913066132023607424e-01
4.475359119415386888e-01
3.781173033721979548e-01
3.267268187116293965e-01
3.038944518586794707e-01
3.119715481475561769e-01
3.372873451119097754e-01
3.496284847420120800e-01
4.232981148920717529e-01
4.418342708432284605e-01
4.779993140344110381e-01
4.962924392045607314e-01
4.340889416419875246e-01
4.575803796623614250e-01
4.178740199316163806e-01
3.392105125589389703e-01
3.451538187483688680e-01
4.255104805964146641e-01
3.592904186811183287e-01
3.836374362968892893e-01
4.042545227084959891e-01
3.940164868112162599e-01
3.812958940919419781e-01
3.971417046820897578e-01
3.793974799846077661e-01
3.985640227844320371e-01
3.953280501304539118e-01
4.489992505317149663e-01
4.963002878483034341e-01
4.536753329963269521e-01
4.188042571063335107e-01
4.022127850000958293e-01
4.416007896986498538e-01
3.926502971273617137e-01
3.484832410063903874e-01
3.191262719159252415e-01
3.075394671652660339e-01
3.808969089464758206e-01
4.410790978679472452e-01
5.170798769215587676e-01
5.408685090907169313e-01
5.219240541141452194e-01
4.772716191935902907e-01
5.067757088476190219e-01
4.341154482105141210e-01
3.532318071895130251e-01
3.405305827900852456e-01
3.345559007880197222e-01
3.052815224432640639e-01
3.758256174615393075e-01
3.888880048834308378e-01
4.515799344571313489e-01
5.305030640528779484e-01
5.613210216289654664e-01
5.553272725777870233e-01
5.348981294549534082e-01
4.727494468454866428e-01
4.052049256230823571e-01
4.009345542000162244e-01
3.296488445600322947e-01
3.401553194504793320e-01
3.714378760958587655e-01
4.369818730208220869e-01
4.525865609316395699e-01
4.446640571984148971e-01
4.527567163227669278e-01
4.971238903879412474e-01
4.810491642572813920e-01
4.449915480430230996e-01
4.373378432612095579e-01
3.677046875707741247e-01
3.885815931976275284e-01
4.075352808312696085e-01
4.234024989911116532e-01
4.247585828721080481e-01
3.939143081434174909e-01
3.996907195363434973e-01
4.125181804770794436e-01
4.099094360001606652e-01
3.872679041744984119e-01
4.340372763037296799e-01
4.275859518975647644e-01
4.106469808498917629e-01
4.985248115550217629e-01
4.704013567203760848e-01
4.148462498125648490e-01
4.097763267391674180e-01
3.784966222584338902e-01
3.281661019563962833e-01
3.286385782036023717e-01
2.827776521265475407e-01
3.003626337949437120e-01
3.871831113177923167e-01
4.020460798469948083e-01
4.702225344720184497e-01
4.841046109314003920e-01
4.936772356534068207e-01
4.586169597663685149e-01
4.462908664059214714e-01
3.512080883242715279e-01
3.456471280054477235e-01
3.253908567873033397e-01
3.347591180340381278e-01
3.406757241922370727e-01
3.896579176359560304e-01
4.541663193114381936e-01
4.914754754007704118e-01
4.788157054546742231e-01
4.755486129181017985e-01
4.868653934205379175e-01
4.516154656287169611e-01
4.244717866996837730e-01
3.846959934921124202e-01
3.379199426375803506e-01
3.286593930744373671e-01
3.348015679684831492e-01
3.437571832922363679e-01
3.815863580339237116e-01
3.647327318835640320e-01
3.753301198996815136e-01
4.104522422540383131e-01
3.969017748301260085e-01
4.145319263486421657e-01
4.120262811806757464e-01
3.796918086537487413e-01
4.006958947655002157e-01
4.108077912173542234e-01
4.185111005188533739e-01
4.385354840118650954e-01
4.037278184688599669e-01
3.584552188775282922e-01
3.735800719200235709e-01
3.648477826425238768e-01
3.637829716561141735e-01
3.971308748781819942e-01
4.082079956498327888e-01
4.270508276281237969e-01
4.548567480243085881e-01
4.872075807652251900e-01
4.455827076841134549e-01
4.594509411379241182e-01
4.085478717649104752e-01
3.283554223085793367e-01
3.172033859730732930e-01
2.930827210040413688e-01
3.074774987166540297e-01
3.637836347732639197e-01
3.838842711182892664e-01
4.186093579836769329e-01
4.686897416870964284e-01
5.270869353274927338e-01
4.630387618994660226e-01
4.638964367357331087e-01
3.907599900475806631e-01
3.773877227838995374e-01
3.714735250065581695e-01
3.180258924860097647e-01
3.316302430003748025e-01
3.482086382596337737e-01
3.798688419095045399e-01
4.221509708493091373e-01
4.412404882990295096e-01
4.632424905333628606e-01
4.571491770729343429e-01
3.912027636498361938e-01
4.162140434375162235e-01
4.179691147478453717e-01
4.103232105702293020e-01
3.590448327630517134e-01
4.036926437311694205e-01
3.977065978411399860e-01
4.194604733627537163e-01
4.068128650498895604e-01
4.162936956401533939e-01
3.940212141660009992e-01
3.468308622734988522e-01
4.092694608108499166e-01
4.084669588190699141e-01
4.485325382626893509e-01
4.743677324693209574e-01
4.399860633930048892e-01
4.424448883777737374e-01
4.324686596166716912e-01
4.152476371355464657e-01
3.852422255756720038e-01
3.894593023672611731e-01
3.564909182742397320e-01
3.668114964997570282e-01
3.636997455593984907e-01
3.669925244374951934e-01
4.175191744928667958e-01
4.491650698093355709e-01
4.439921869878939997e-01
4.932228850303748136e-01
4.318769765315831344e-01
3.981825721036295063e-01
3.894235077629747410e-01
3.318070339046282347e-01
3.246397615920255109e-01
3.235355956065547045e-01
3.562222209164710995e-01
3.622407548748732831e-01
4.106971154941796431e-01
4.327802027016566244e-01
4.164083705407523039e-01
4.695954458989714531e-01
4.765947753976571000e-01
4.536640525778438127e-01
3.343660794219335264e-01
3.069997735374359604e-01
3.290200030483254601e-01
3.125024818522225134e-01
3.234567532776512766e-01
3.495190098125002254e-01
3.493685935493145989e-01
3.881264674704923423e-01
3.866412421084833850e-01
3.627863430527000776e-01
3.872522314705483248e-01
3.728561867361835369e-01
3.643186478987702204e-01
3.485221652366298772e-01
3.958365810194222623e-01
4.782591865911243745e-01
4.517888536937589294e-01
3.910096005126421081e-01
4.060787899376958054e-01
3.878229594571517835e-01
3.640728005525575295e-01
3.835701828734189300e-01
3.683451298533233498e-01
3.942678649945075553e-01
4.117178400849886288e-01
4.620839101561252105e-01
4.806102441459501606e-01
4.743755097926534159e-01
4.796471056910237563e-01
4.391316183894726222e-01
4.295925158192123172e-01
3.638600874234760862e-01
3.482040302707350987e-01
3.906493800701744123e-01
3.745860287580218828e-01
3.602137391060165061e-01
4.079005532982791782e-01
4.428937635449793353e-01
4.870698640408461788e-01
4.496780017195738943e-01
4.608323976572475944e-01
4.260686846776381431e-01
4.327027960891600689e-01
4.337854198604546574e-01
3.175300358217007513e-01
3.726635152294616726e-01
3.819225915130126103e-01
4.080543760973340262e-01
3.539720071873017626e-01
3.982700879861859056e-01
4.342572750204302112e-01
4.520828523772664198e-01
4.610411940595646185e-01
4.257973944736702654e-01
3.839340537444964618e-01
3.842323961124013421e-01
4.098437595598051764e-01
4.073311306797718356e-01
4.049770725233087232e-01
4.092625644373699689e-01
3.942054783064687928e-01
4.338605250445595196e-01
4.108210080037575374e-01
4.184096247050635986e-01
4.015166593599712175e-01
3.986926841243271236e-01
3.760935445577900382e-01
3.947237558303370308e-01
4.124759728539402759e-01
4.270053473479346606e-01
3.921590643162407019e-01
4.254892864832308663e-01
4.162164386347879663e-01
3.928989995686503756e-01
3.599919271815900657e-01
4.010492448286592793e-01
3.707812618307315677e-01
3.764987312850319734e-01
3.829238641289646750e-01
3.998879645440147623e-01
4.627518279498497589e-01
4.786728533145360176e-01
4.653877632689806254e-01
4.585590072605971734e-01
4.423865668265066775e-01
4.198725863138969006e-01
3.962022207704844479e-01
3.380291022521725863e-01
3.413653323059999689e-01
3.396540082774814340e-01
3.726855998245837687e-01
4.362623715718177975e-01
4.655196899092402529e-01
4.679067496715936803e-01
4.712261381024752116e-01
4.692836956112642066e-01
4.371788376232746964e-01
4.209348971277109275e-01
3.786581803256535705e-01
3.847806416662523654e-01
4.078480317437396807e-01
3.865163794640387729e-01
3.971856860528396593e-01
3.559877088107277765e-01
3.921010956500381450e-01
4.062589459567399475e-01
4.287494728707424430e-01
4.222157405112237916e-01
3.962126440924342297e-01
3.693860661628579622e-01
4.264032024888016470e-01
4.227356389390884983e-01
3.999446515017326953e-01
3.962957974854284804e-01
4.022366196495592017e-01
4.216749520388862749e-01
4.066453034947548062e-01
3.424012881587259471e-01
3.454697057605382593e-01
3.357021987499135829e-01
3.642319351233541114e-01
3.891687875311181100e-01
3.720683592517923244e-01
3.646406677124804374e-01
3.943068262343517039e-01
4.301949193015975337e-01
3.780342284132653385e-01
3.934097712818551695e-01
3.142535566014236781e-01
3.565563587117088207e-01
3.062508073621738602e-01
3.151818994975130184e-01
3.419449325293371644e-01
3.407960000090995978e-01
3.456607471081434291e-01
3.787968738703484939e-01
3.521840711544124147e-01
4.501897306091383055e-01
3.766001986522901634e-01
3.860124470492766191e-01
3.146435507650696684e-01
3.187271461124823735e-01
3.179346262428361936e-01
3.434131149209702083e-01
3.484117252146001764e-01
4.186845702255058699e-01
3.663626733442848504e-01
3.959860890906435338e-01
3.819856751363815417e-01
3.650286969038221696e-01
3.732090841881838261e-01
3.680769538876514924e-01
3.820838355469743375e-01
3.727899478141339373e-01
3.655420487833883625e-01
3.451312599592762931e-01
3.088845499364981650e-01
3.333511980213813009e-01
3.985335727057729982e-01
4.086251210534904699e-01
4.062467412697063351e-01
3.801999538946835289e-01
3.865066914171816359e-01
4.163347681483721696e-01
3.374799462823738216e-01
3.250590884921295554e-01
3.577033403439638382e-01
3.438037771601934467e-01
3.557529871772380226e-01
3.695667658429024893e-01
3.611817871596329499e-01
3.838910845288915352e-01
3.745442588928338257e-01
3.445474106094302824e-01
3.692829279829630829e-01
3.705595554179833551e-01
4.009340311389230083e-01
3.451484643810707742e-01
3.749054563785880756e-01
3.614989378671294440e-01
3.884055820046325991e-01
3.578609294485949888e-01
3.250730129334776786e-01
3.451791947288240237e-01
3.259211018828426787e-01
3.621952113473931312e-01
3.280545571799798887e-01
3.438866507449677701e-01
3.100511811647614357e-01
3.521982493008934956e-01
3.468491272654716795e-01
3.609242491261714370e-01
3.588322297084605705e-01
3.359663124716600890e-01
4.039768391527540081e-01
3.749547952881460144e-01
3.788309370276193855e-01
3.437800036078476063e-01
3.872661858212806396e-01
3.723484867483953797e-01
3.722995033985491697e-01
3.834237427355752237e-01
3.331560109409436032e-01
4.074935916214869058e-01
3.959444244760368936e-01
3.828889194001999785e-01
4.000404690891264936e-01
4.054720163784054088e-01
4.163994042127125428e-01
3.979778950377446112e-01
3.603509496241573129e-01
3.651176130040826862e-01
3.899599946764248926e-01
3.614813917140525246e-01
3.756679162194070387e-01
3.975498630199938432e-01
3.830937440607556366e-01
3.608833520908716896e-01
3.930209688260591361e-01
4.058027157210540303e-01
4.417756719881464345e-01
4.621248002307664082e-01
4.516081195803064996e-01
4.153990542512773221e-01
3.538643530934612591e-01
4.030272415678417541e-01
3.656668276459303368e-01
3.486467574863194585e-01
4.036870182579149202e-01
3.695706749374018107e-01
3.950034073524604783e-01
4.530027233254456109e-01
4.334101061458162096e-01
4.236632371412714648e-01
4.226161913900164380e-01
3.976135295467901343e-01
3.961319349021736325e-01
3.621059797812410386e-01
3.843688481077974783e-01
3.491890591733665117e-01
3.556234152064242093e-01
3.985583985511356730e-01
3.683347003365806116e-01
4.094473489617629913e-01
4.096095780604820380e-01
4.151334103917457830e-01
4.098346833209882689e-01
4.299732646596560737e-01
4.302354639475249876e-01
4.112528796216251559e-01
3.895554692250732809e-01
4.049958513565732887e-01
3.859072645841705729e-01
4.101666365053918684e-01
3.976352948626371564e-01
3.985260243932863267e-01
4.115309136890518138e-01
4.111223746249276778e-01
3.814439781228574078e-01
3.868915554302063131e-01
3.957464094855716596e-01
3.704337180339020708e-01
4.062588005133532243e-01
3.733265057834969092e-01
3.838595551806684436e-01
3.765326447126548515e-01
3.867797487981724514e-01
3.734752182228806561e-01
3.726552950362139183e-01
4.095728036393986304e-01
3.555845784666845089e-01
4.010441701252843161e-01
4.137591399406994053e-01
3.953274972754504124e-01
4.301589697932950984e-01
4.115195184859528066e-01
4.189551858046306476e-01
4.340936380869551137e-01
4.034901172023510618e-01
3.901180771876559539e-01
3.965452325981665971e-01
3.780999264339985899e-01
3.669323318404579259e-01
3.911608842817740905e-01
3.529373485582301129e-01
3.743434832602185458e-01
3.685883334280433132e-01
3.935596459388328028e-01
4.321568623436610745e-01
4.312112075792380872e-01
3.961518308803773092e-01
3.832226659349915465e-01
3.998133220090696605e-01
3.679675753731875831e-01
3.831762127707353249e-01
3.965199040686026022e-01
3.715000511082142132e-01
3.912529355761406591e-01
3.714272114805285963e-01
3.900718187265841408e-01
3.990499479794791804e-01
4.153273967412942635e-01
3.625555570874353650e-01
4.199891511293833979e-01
3.866771023790709916e-01
3.793776390434667189e-01
3.721921510556786550e-01
4.114325457787015861e-01
4.040941571462389748e-01
3.768746720370745873e-01
3.294249575507471883e-01
3.612178752203713539e-01
3.459928159223948363e-01
3.124142979648492080e-01
3.350954750580770192e-01
3.790959186944710679e-01
4.330559956309770198e-01
3.909609110887831696e-01
3.823045796264850082e-01
3.870769601890925449e-01
3.761786683144447418e-01
3.662013997791224718e-01
3.463002492801602883e-01
3.433836460796171330e-01
3.870228695691189658e-01
3.890057886810713850e-01
3.626460948661366368e-01
3.969398331921558110e-01
3.874552105482044762e-01
3.809601751003076631e-01
3.965313428681828123e-01
3.986437860161128333e-01
3.569261514839994764e-01
3.785072732644393367e-01
3.817999222398463788e-01
3.534281846119212145e-01
3.628520176069114367e-01
3.545967829404845784e-01
3.716282988450176905e-01
4.011035178075841867e-01
3.788118896248192091e-01
4.244617441760114018e-01
4.236788815787379536e-01
4.187609406920183019e-01
4.122490774844708716e-01
4.357190526881448145e-01
3.979045007475678353e-01
3.736711886657271831e-01
3.787461600871406264e-01
3.776713819715240006e-01
3.769309179855911962e-01
3.697434327752570637e-01
3.678584395054793621e-01
3.943822282107572463e-01
3.780292371417432462e-01
3.819584050081664128e-01
3.969083955009855558e-01
3.969023544462536024e-01
3.771403893156418663e-01
3.556580945206353483e-01
3.508856441260695402e-01
3.984793238375857749e-01
3.857486899372060685e-01
3.822961365406966627e-01
3.861710086549622334e-01
3.869085231294977500e-01
3.694915787091508919e-01
3.777405899389421617e-01
3.786970342688402713e-01
3.782736145765853153e-01
4.155941343860988235e-01
4.232104824396868414e-01
3.933082450790957862e-01
3.567344347590357678e-01
3.633599081468811276e-01
3.466177883213819033e-01
3.790742790047862965e-01
3.827376319220753831e-01
3.520589707358162124e-01
3.868923767685847892e-01
4.000375093576188923e-01
3.675345485897233422e-01
4.091370015367244983e-01
3.709801639155865249e-01
3.652397470314738270e-01
3.912398171690576465e-01
3.880078081870845796e-01
3.394214281611150352e-01
3.625464436479414188e-01
3.363237465489297695e-01
3.491549960727773350e-01
3.592341113823408483e-01
3.843663733981886321e-01
3.722046736381774412e-01
3.927662151502412380e-01
4.272370547910751548e-01
4.015496826551183673e-01
3.818966623226268120e-01
4.077278143007448952e-01
3.651042833057008830e-01
3.866567336840044389e-01
3.699776386945011208e-01
3.923630674700724907e-01
3.695304573428315753e-01
3.790755143648238956e-01
3.747948490669887889e-01
4.132364252862588683e-01
4.003835339285098383e-01
3.958246413676356767e-01
3.819868765087153784e-01
3.851476370396872406e-01
3.336053864090447463e-01
3.207952737413916622e-01
3.446392119506886398e-01
3.497645772654631169e-01
3.492753460976914526e-01
3.231258871570989455e-01
3.304224958987858063e-01
3.045312875267564556e-01
3.713398123583208643e-01
3.607461052392797463e-01
3.538159088864799573e-01
3.295517056314639648e-01
3.449877110646109024e-01
3.829786562251423776e-01
3.829110533985417009e-01
3.857125226645760629e-01
3.845012705599831215e-01
3.646075352575736672e-01
3.627038964406524846e-01
3.891461956287521340e-01
3.388156226736904753e-01
3.324004719977893263e-01
3.797841697792075921e-01
3.511429312103940270e-01
3.817187971815328984e-01
3.707820040763291636e-01
3.879332215142131113e-01
3.838935547549141569e-01
3.829509305795846252e-01
3.830456967593685591e-01
3.990562091754035201e-01
3.546363705970879687e-01
3.472108320070285692e-01
3.543465696729757863e-01
3.768494304896375380e-01
3.591790212757020040e-01
