6.811700323817893032e-01
8.235853666763449654e-01
7.815725194347035165e-01
7.088632038303526173e-01
6.940936786632183608e-01
6.056865037636129934e-01
5.534944155326888549e-01
5.131193772291930966e-01
4.753880570697371910e-01
4.059946011942557331e-01
3.315230917880322425e-01
2.799947144087336359e-01
2.129992736665817510e-01
1.799989885153889246e-01
1.315825607079216530e-01
1.059320348395069444e-01
7.798030870186375973e-02
3.807086153895476027e-02
3.205387323084556150e-02
1.602537984498982049e-02
1.699492780262061228e-02
2.999998971682979118e-02
3.199996953938771121e-02
4.300351265341136042e-02
7.899997636683171731e-02
1.019129774878486105e-01
1.412832742057639202e-01
1.859980709772990903e-01
2.499743330063171898e-01
3.089952192217023108e-01
3.529975720134803097e-01
3.990482928279800445e-01
4.793463927781904665e-01
4.833812277528772849e-01
5.939989206698760293e-01
6.312001278611639732e-01
6.908716973813584517e-01
7.330664880622406177e-01
7.616231065850778137e-01
8.020620749413385209e-01
8.471885757276695905e-01
8.851019519517721035e-01
8.909715285066681645e-01
9.229739952674768100e-01
9.273394249420641167e-01
9.318219917495873528e-01
9.174457984830752810e-01
9.369367018655616608e-01
8.886203698893668790e-01
9.089221793773948344e-01
8.668779396970384132e-01
7.995152136548436816e-01
7.584490124128971944e-01
7.143305705363995894e-01
6.845419184484651254e-01
6.552490321119150973e-01
6.157850603652463839e-01
5.431948101575302390e-01
4.859049995338117212e-01
4.032232699460338576e-01
3.727846990743421962e-01
2.729901746696375420e-01
2.440050362014539453e-01
2.166955057133416740e-01
1.968920134638545427e-01
1.367201303078467434e-01
1.009985808107551619e-01
8.281933161848631375e-02
4.999995732858933395e-02
4.300002043240996191e-02
4.311868943221831840e-02
4.600017681919676277e-02
4.799974748375585715e-02
6.501345773725746013e-02
8.199911612745264256e-02
1.220001705850887047e-01
1.460010671103163793e-01
2.049867904145449005e-01
2.359993125805491532e-01
2.719992019247471360e-01
3.397410020546892673e-01
3.729953484546337239e-01
4.260298052931939528e-01
4.709999183357315711e-01
5.258697789883237661e-01
5.865219476514031971e-01
6.188442013683150833e-01
6.956115411980637875e-01
7.547839984622649601e-01
7.759441759973952912e-01
8.279889851484452112e-01
8.431165953860781936e-01
8.663981759283373441e-01
8.937484734176668333e-01
9.025845628653514918e-01
8.892226785219480290e-01
9.041688234303795202e-01
9.000557331378431503e-01
9.023592368402942876e-01
8.660085156216753566e-01
8.649672140480292315e-01
8.000610471924216593e-01
7.913995133784156311e-01
7.135334606846063243e-01
6.852643367981590128e-01
6.701668971680175835e-01
5.887387753805881641e-01
5.734480047710412975e-01
5.108973331397894668e-01
4.630337623614478870e-01
4.064261456915812531e-01
3.289935353024347475e-01
2.970175570137829069e-01
2.508858705182554494e-01
2.148988729240811635e-01
1.858684352421768049e-01
1.421064149484101702e-01
1.269974102036074692e-01
9.099981440461582527e-02
6.474328451181901589e-02
5.599996944007661070e-02
5.994097426132476841e-02
5.999996858465823230e-02
8.100001282408299252e-02
1.019979569353915150e-01
1.094188929983656022e-01
1.499809263726765429e-01
1.870290869699368363e-01
2.440383513312174568e-01
2.539875495919839410e-01
3.329979108065512228e-01
3.594740393706144510e-01
4.490380775263252966e-01
4.672838891299349595e-01
4.990299280051445630e-01
6.039951328865535984e-01
6.103281157607217677e-01
7.009448273720971789e-01
7.105365162510496324e-01
7.358879912976147297e-01
7.780251129036285240e-01
8.256759612019830552e-01
8.330063156424222237e-01
8.588402021953451815e-01
8.942485520074446859e-01
8.839799854372407673e-01
8.799748551348453018e-01
8.969544009362336867e-01
8.973309017075633554e-01
8.759987814667972161e-01
8.480462794179566277e-01
8.398540070601567820e-01
7.779140866263498655e-01
7.729762473274721657e-01
7.469948309300958877e-01
6.432242343135637919e-01
6.239550153530303289e-01
5.738490589042656298e-01
5.590058904221344438e-01
4.791048283955101628e-01
4.445469276293885774e-01
3.740644673077127003e-01
3.284049954496678358e-01
2.749993568977781022e-01
2.440350400274154397e-01
2.220016796910072865e-01
1.809993665992005174e-01
1.515327185038130020e-01
1.269759697911302110e-01
8.999995553926828928e-02
1.092616411453344316e-01
8.715863279321771351e-02
1.049970390727470587e-01
1.140002067789949308e-01
1.281086935234736768e-01
1.629998692095210588e-01
1.459995408004104989e-01
2.150064360124290530e-01
2.098872426515976386e-01
2.777833264075530439e-01
3.085027679650934052e-01
3.789998143166451450e-01
3.710767117164437412e-01
4.479937061210544358e-01
5.059721379133174102e-01
5.310164776506788309e-01
5.565298287994905335e-01
6.202432316346653263e-01
6.761702383657534066e-01
6.911798383911719190e-01
7.432092905067301247e-01
7.737865925371404385e-01
7.770501745021944906e-01
8.110215494902023314e-01
8.527207639735441269e-01
8.428315471601571796e-01
8.609920262771445509e-01
8.385279577546057572e-01
8.341029005314775091e-01
8.379557062479291440e-01
8.158307287945664177e-01
