1.339878500275556994e-01
1.559649312606598837e-01
1.937636535575743557e-01
2.684379797636953224e-01
3.102150432084487819e-01
3.647885700150436117e-01
4.389113024254457374e-01
4.822150236185303029e-01
5.621878927558425776e-01
6.151115278936706288e-01
6.822798156048035523e-01
7.257598092218232599e-01
8.133775617019590731e-01
8.740915890421464551e-01
8.715119534343651608e-01
8.930907646337477024e-01
9.335090187364366576e-01
9.719260780414601397e-01
9.649412439422231369e-01
9.523544473979893565e-01
9.604324596833777594e-01
9.588105364478030079e-01
9.284006586845174880e-01
9.256096307867801576e-01
8.739389474994053719e-01
8.553171689394136745e-01
7.905182724212341805e-01
7.728138268668474087e-01
7.282863633052245600e-01
5.940911190809463616e-01
5.978131434776342568e-01
5.616592687771809755e-01
5.063923712754280215e-01
4.710535160373125474e-01
3.828662667995244018e-01
3.334354544468574044e-01
3.223069734553902776e-01
2.572694082979752883e-01
2.074660069836214982e-01
1.956252842731898700e-01
1.971771520578720072e-01
1.936717519236469121e-01
1.680044943229041243e-01
1.603642366385460427e-01
1.731134745995164814e-01
1.538342940318801755e-01
1.801528123739981058e-01
1.833622863915334578e-01
2.351674602537530134e-01
2.297212391676348164e-01
2.737434729218302665e-01
2.859189032159839550e-01
3.527403704135045892e-01
4.004816955355432473e-01
4.517232215180996269e-01
4.631499464060994664e-01
5.613844713874214243e-01
5.212279675382773814e-01
5.217056661369365855e-01
6.473344886576577473e-01
6.227342827860132823e-01
6.568480453715411782e-01
7.055616581599932768e-01
6.712907893895281308e-01
7.098179458685600629e-01
7.074184643461932653e-01
7.220610180114065413e-01
7.158337642241272558e-01
7.310484275318019920e-01
6.992953607739316180e-01
6.868674911493813928e-01
6.284922986661934940e-01
6.782335415218563313e-01
6.775428098202044280e-01
6.444779571168669507e-01
6.211766203528488184e-01
5.807005011709197584e-01
6.298658959105825073e-01
5.689999561875960232e-01
5.999629500121858028e-01
5.854468072129667133e-01
5.413866757249438111e-01
4.811480533009230842e-01
5.138078091079592014e-01
5.094072609593656153e-01
4.564923216440416875e-01
4.940399522528972631e-01
5.064754651027927324e-01
4.734707125458811894e-01
4.732253103161758734e-01
4.360459911625869656e-01
4.639732247826957590e-01
4.989216230898945725e-01
4.597468704129121231e-01
4.763753691918932165e-01
4.666199268119906596e-01
5.018261529362265660e-01
5.054734474915710818e-01
5.332130618633117436e-01
5.534340727255468995e-01
5.229075480768470285e-01
5.308356600443397966e-01
5.457479785616302648e-01
5.975809931747428916e-01
5.933697724903108650e-01
4.767280716965501264e-01
5.344118360560623504e-01
5.121239171312914618e-01
5.112703575363145569e-01
5.082383508203193179e-01
4.653743783595861716e-01
4.123200287133698128e-01
4.814806855830413013e-01
4.182620970611930500e-01
4.029168690767371830e-01
3.961556753053021018e-01
3.844841809567915436e-01
3.414876616260757447e-01
3.690702904321075395e-01
3.720227707844547260e-01
3.690834467324033419e-01
3.537714918216220972e-01
3.423247572687896922e-01
4.073712803980195085e-01
4.197808486698239028e-01
3.914042461440772058e-01
4.104666415482520758e-01
4.422952184414634114e-01
4.624539395500748551e-01
5.109816606204752309e-01
5.185952171041858794e-01
6.548917023536070525e-01
5.685042249120821900e-01
6.143366035425992244e-01
6.169877064078026496e-01
6.803414449033396982e-01
7.364141210031002194e-01
7.342892645989013145e-01
7.376706167739087716e-01
7.474137509770838461e-01
7.500064127980976547e-01
8.055842182229848714e-01
7.774416367860403909e-01
7.578522153137285944e-01
7.672395376520102506e-01
7.600157396333753201e-01
7.831206772202491395e-01
7.393189595615500265e-01
6.825705108297094315e-01
6.829736119752523038e-01
6.593006574754960436e-01
6.544800725655156581e-01
6.137211071124408779e-01
5.992934101563707205e-01
5.347459239313671064e-01
4.734711712755918511e-01
4.273572523755245767e-01
3.748625309324287169e-01
3.468174396524494885e-01
3.159424258240638439e-01
2.434298247917127400e-01
2.208966441515393120e-01
2.177110451007643332e-01
1.808061970829369369e-01
1.770160682554564047e-01
1.887749140879503296e-01
1.823498835374778304e-01
1.363271199776014964e-01
1.401137506879305550e-01
1.565176387805439495e-01
1.776469454167614592e-01
1.612805567665693551e-01
1.977492843691283086e-01
2.421426388159090559e-01
2.642544474712573699e-01
3.561545448855282792e-01
3.973210578326077935e-01
4.424621141555759585e-01
4.711199067160899423e-01
5.014174328824076987e-01
5.753680081552793313e-01
6.318967149057821420e-01
6.513722742252692210e-01
6.887479560648664956e-01
7.490497255567165613e-01
7.601518818074483042e-01
8.111332434189277851e-01
8.407809269419918019e-01
8.319388179271473005e-01
8.539152933185917282e-01
8.634211669660794009e-01
8.668921532187142676e-01
8.779151711996125984e-01
8.638609142242306138e-01
8.542263486586267884e-01
8.124085772206072198e-01
7.945729858142647206e-01
7.739079235238888188e-01
7.361750193978094936e-01
6.957723891480900313e-01
6.582463889493486153e-01
