8.452309664541978185e-01
8.517459694957041361e-01
8.041488789042653407e-01
7.265245711375534210e-01
6.875699876983483172e-01
6.401752658554987763e-01
5.553096255663738656e-01
5.126225266701345262e-01
4.439626806721185814e-01
3.796300572557266273e-01
3.192620331520612531e-01
2.800744953886855071e-01
1.927879614419300280e-01
1.284325725975612176e-01
1.231882614955648186e-01
9.781718214115847632e-02
6.659700232077070403e-02
3.695674937550509631e-02
3.968871905665526112e-02
4.172463797300395710e-02
3.900903159317536256e-02
3.110214228330647826e-02
6.394991333692828794e-02
6.731872188801442392e-02
1.145473070189060444e-01
1.462584964540104004e-01
1.986235198344145358e-01
2.263103419869913480e-01
2.785334293808242045e-01
3.988302980973280065e-01
4.080887073892306427e-01
4.382662248632783197e-01
4.842594334581771243e-01
5.325679213182155092e-01
6.004896771510728204e-01
6.626532992227948116e-01
6.767402470592992492e-01
7.458307507501709122e-01
7.990006340194130141e-01
7.825000561038130131e-01
8.070534266876090435e-01
8.011518967628654675e-01
8.228723838688032366e-01
8.401024896318838309e-01
8.261031076861564681e-01
8.434234263836610790e-01
8.112701287235517533e-01
8.163836053336939180e-01
7.561372880495592641e-01
7.719266201642304148e-01
7.275965371341763799e-01
7.218400482582056910e-01
6.478470172564857466e-01
5.902298727184983607e-01
5.432255286172160691e-01
5.299043636643092636e-01
4.385063657070192300e-01
4.790639829364781166e-01
4.796393467480684625e-01
3.571726168979257321e-01
3.689986260640020777e-01
3.467837336563506789e-01
2.926120410954283213e-01
3.252653180647734898e-01
2.854760804467582624e-01
2.866112587573992343e-01
2.764546673132778354e-01
2.824019963072277317e-01
2.675255431069282208e-01
2.946009903483639003e-01
3.130809827554345559e-01
3.533059821792446931e-01
3.166840623194007165e-01
3.201437338391326382e-01
3.422534004624050441e-01
3.698775944963689777e-01
4.108623371542217684e-01
3.753604124131118547e-01
4.270922703324694925e-01
3.910355805355423264e-01
4.138224381726858803e-01
4.423824992275352530e-01
5.208012222154740911e-01
4.707099317776327618e-01
4.886807371920817156e-01
5.363835540776554778e-01
5.045317857085234170e-01
4.851821462782678895e-01
5.187175431716284368e-01
5.283458092063256784e-01
5.534778606579925375e-01
5.296693835097212588e-01
5.039643080544952136e-01
5.311631358016595250e-01
5.203571619671077952e-01
5.244058856705782201e-01
4.912618779585461448e-01
4.820322296777901361e-01
4.631102108367423087e-01
4.359234931057515694e-01
4.745162601401801128e-01
4.706613758051418350e-01
4.539128877227434633e-01
3.998178600090714352e-01
3.986127205642926441e-01
5.156277288981910845e-01
4.567109405517951748e-01
4.807981554861249784e-01
4.817111495192272219e-01
4.886610873238563801e-01
5.277175106275846517e-01
5.815586964871365394e-01
5.004041576029826244e-01
5.729784425503020584e-01
5.911619969641799255e-01
5.937129026139669197e-01
6.176984280855694065e-01
6.505628784379351437e-01
6.198728799797886824e-01
6.330624194497045387e-01
6.236226453450448570e-01
6.455606451774232868e-01
6.445220707620524792e-01
5.836706071029462706e-01
5.673264591402191748e-01
6.057007065527462153e-01
5.769496522946662154e-01
5.607773678176493082e-01
5.245132172632407386e-01
4.691429729407794458e-01
4.753565154692140360e-01
3.449098761826333570e-01
4.273628496984978042e-01
3.847020782716646936e-01
3.809889353985739802e-01
3.149957741345028039e-01
2.592944205511735767e-01
2.570685170667518782e-01
2.440472224945072488e-01
2.407883108029786334e-01
2.408305921335921196e-01
1.838978891474747079e-01
2.167252650166586192e-01
2.276401805872003414e-01
2.219264799719490588e-01
2.264529948849775820e-01
2.183786651816728430e-01
2.549705321173160733e-01
3.089555900716568493e-01
3.086084225952090421e-01
3.411345528961683415e-01
3.438851465837517996e-01
3.787361789663997724e-01
3.902142890965483724e-01
4.460522699845328454e-01
5.000314886977803575e-01
5.723988260259342820e-01
5.979243827838895964e-01
6.359456065948084769e-01
6.599969524105616658e-01
7.265172778328616854e-01
7.524299492336641304e-01
7.544706386665825937e-01
8.127146061134981059e-01
8.153975373673083560e-01
7.996628012981300548e-01
8.132838021702469833e-01
8.585259748678606417e-01
8.474222435823475230e-01
8.324212630644330924e-01
8.137303822048030932e-01
8.130588947212604722e-01
7.929262937764379737e-01
7.419758730472545416e-01
7.129316861439221054e-01
6.319685549517530809e-01
5.931500447716614444e-01
5.506079595264513626e-01
5.119052575150094819e-01
4.828949363416389917e-01
4.133191934040097992e-01
3.598257741350233130e-01
3.406565911125226109e-01
2.974865086890781107e-01
2.356290486175938725e-01
2.232343020292511526e-01
1.807260424754693617e-01
1.500000626905430845e-01
1.433213064236100176e-01
1.312580096054993262e-01
1.295307896458482155e-01
1.225208073058315500e-01
1.253355960586858553e-01
1.285984766140352009e-01
1.433209382699101586e-01
1.739842129504188817e-01
1.960791928358350256e-01
2.246491965871600660e-01
2.602718583000537822e-01
2.901866803530026018e-01
3.321966530529409378e-01
