4.061778676063130167e-05
1.465495857377186318e-04
5.586132085895693635e-05
2.930155722326656498e-05
6.841477880735375740e-05
6.067369276244690183e-05
1.312839577999577235e-04
3.331975276627515596e-06
1.004943061745159011e-03
1.008875599664962224e-03
1.014634628400929968e-03
6.216022668906064953e-03
7.808762058806004679e-03
4.625980095813064123e-06
3.988809084725144713e-03
5.234547208282877041e-03
1.140976952262624583e-03
3.311870887817184098e-03
3.999690734637749261e-03
4.664369541519127957e-03
2.004397828180684397e-03
2.960275916745913182e-03
3.036768848918556998e-03
4.318706230335913818e-03
1.191877877245729874e-03
2.216764931005864390e-03
8.062051373759277634e-03
4.461686510577315181e-05
2.184878332674266080e-03
1.015148092555965284e-03
3.008907960034485837e-03
3.044486098257597265e-03
2.951460834445546449e-03
3.218041412418591943e-03
4.736629244078026033e-03
6.266078790087979862e-03
4.144179728308593560e-03
2.723459229929509149e-03
3.976110339452562994e-03
5.119151814549438052e-03
4.020257249485070794e-03
2.616873515555324914e-04
3.020854818807454899e-03
7.984099583876108413e-06
4.019225102263611175e-03
1.007878622287022938e-03
3.001089618900764592e-03
3.173433134154396169e-03
7.980930478439916820e-03
6.982464948194361427e-03
4.009975027658816901e-03
3.963773792451355700e-03
6.120194878944596600e-03
5.001781301255558108e-03
3.115937837721039719e-03
4.568766668700773720e-03
5.034844407471802952e-03
4.007847549496945487e-03
1.016513728341662511e-03
2.642750470026356078e-03
4.071650073391393232e-03
6.184689963572112884e-03
5.067668807753324296e-03
2.070089046821613210e-03
5.026554713608183747e-03
5.017846475490815410e-03
5.022642333786463652e-03
2.005983122630550491e-03
4.004165622260471083e-03
3.444237265505958531e-03
1.004704040301629365e-03
2.001938299442971702e-03
8.001314245006573012e-03
2.142804840614101220e-03
2.010846203056770344e-03
3.012676322602415857e-03
1.333492031899851174e-03
3.028560011423635928e-03
5.002552915706554373e-03
2.001616021312086109e-03
1.143796329732808641e-03
3.509139546513223226e-03
3.212082164123282457e-03
1.002508735962233475e-03
5.991429656008818820e-03
3.003507862800943416e-03
3.297098050040301806e-03
4.000979203907933934e-03
2.010934688091940443e-03
7.999698066487549372e-03
4.005151623369535008e-03
6.623338544940580823e-03
3.008904432202554741e-03
4.001917628860711569e-03
2.960370056882385015e-03
4.864155767366691238e-03
3.008101738506648633e-03
3.002384704359835951e-03
4.900360720253221954e-03
4.002219962626689734e-03
6.003155877602119918e-03
7.007331743806144604e-03
3.256077173093281478e-03
3.010857992448658874e-03
4.000392704605854749e-03
3.005710905850046862e-03
4.001530460459862618e-03
6.002122808520363867e-03
4.114278118578270325e-03
4.985434911837901585e-03
3.959177493753967755e-03
8.002289345722966851e-03
5.968965974574641162e-03
3.099406247116000268e-03
3.019868271335555791e-03
9.004925060435891096e-03
5.005761050163425561e-03
3.014490491553233325e-03
6.903659344320981807e-03
6.000280029080075350e-03
4.001570286213082181e-03
1.019109395138582258e-03
3.002559369101624395e-03
5.994776231395997253e-03
2.958287933191133725e-03
3.001446885865357694e-03
5.700947594739643430e-03
6.293021956287486035e-03
4.003962768267536193e-03
9.324704681516577179e-03
3.989283206476343553e-03
7.005116375624762665e-03
7.005826186943565383e-03
4.102292391393233366e-03
9.093860315573966749e-03
7.019296565350369339e-03
9.001701309631635409e-03
1.005380645110272135e-02
8.052188381620369040e-03
5.325896642807893822e-03
7.556052555582976928e-03
6.007144302264347951e-03
3.320138379625303237e-03
6.005226588084952924e-03
6.141217739564643063e-03
3.004179443999857764e-03
5.072528168692574425e-03
5.016314659777100157e-03
5.392785401302122375e-03
6.009507412668093143e-03
5.998037948111035328e-03
9.783968846627345145e-03
7.765880489015028303e-03
8.708015444471086178e-03
7.063956855354826606e-03
1.206210384401522340e-02
7.028665070864355963e-03
4.779374442385229439e-03
1.539800791728483664e-02
6.091182170504662145e-03
2.982035645365825518e-03
8.001093057966097988e-03
7.007846426831566486e-03
6.000628733360662166e-03
1.001850475021522947e-02
1.027727205160031132e-02
7.026924478887764877e-03
1.220509459686360682e-02
1.063385985057646067e-02
1.321817880829515880e-02
9.123571027647325860e-03
1.412595793543209438e-02
8.453939321792379794e-03
8.985868950123720306e-03
9.004843929401975741e-03
4.006060980792570947e-03
3.002985816801706249e-03
1.204636514632301258e-02
1.027721496261298911e-02
1.099741956821295545e-02
1.334378783975737406e-02
1.037507795842252702e-02
1.106670248882414206e-02
1.312946541187071450e-02
4.004675379270533457e-03
5.019902843560995059e-03
6.014053661695935131e-03
1.041516187424996499e-02
7.996293895224980755e-03
7.818908969983204282e-03
6.383668187411806888e-03
1.101213545628783493e-02
6.000154986096825453e-03
3.001370885161739211e-03
1.000087348371642322e-02
7.001350166337108084e-03
8.236655246573215683e-03
1.201599508784496548e-02
5.081346681652382583e-03
1.075644938032515111e-02
9.125554305002413213e-03
1.071078215754001778e-02
9.055075084230488139e-03
1.102652606346921776e-02
8.941910696263127845e-03
1.498160556503789521e-02
8.584431445732830859e-03
1.233751039671571528e-02
5.858375295035116864e-03
4.007740183881259265e-03
6.044964145828236532e-03
5.956102499962132035e-03
1.203496755104296358e-02
9.947123610606862371e-03
1.297742094822009785e-02
7.002658946341245964e-03
9.081921787200922247e-03
1.263573921489043704e-02
1.000291068805414865e-02
9.953972875784523194e-03
7.007644629067991647e-03
5.298683465147524876e-03
9.008132968324748802e-03
1.004272157278958411e-02
7.036015774047955570e-03
1.022198310581978395e-02
7.006180169170245393e-03
5.017403179169289788e-03
6.001885176798540424e-03
5.004754155975305735e-03
7.007339667205072023e-03
1.021539264429345735e-02
9.005627667490863353e-03
1.304760794939393773e-02
2.008846728965630376e-03
7.006121804751614876e-03
6.035625372346200071e-03
4.748385954538774344e-03
6.002862743531640205e-03
1.019005496612848324e-02
6.086463323759579332e-03
6.011722422209229977e-03
1.001815155090399374e-02
8.906836131294802728e-03
1.200114348057367171e-02
6.080269498820800762e-03
1.101180004772578380e-02
7.006570267965658502e-03
1.401783719322337307e-02
8.022790313148352864e-03
1.646779163160300846e-02
8.015881525601358318e-03
9.984818829624316633e-03
1.174902433429938185e-02
5.447239991107183724e-03
8.921263497535650289e-03
1.002419676683778335e-02
1.199910167252776945e-02
6.416243935392350675e-03
1.003328159641000798e-02
1.123817067862833800e-02
7.015605308818536126e-03
9.002094588245853485e-03
5.077604358442775780e-03
6.008422746555900675e-03
7.134200204104715164e-03
9.362244249956809192e-03
7.025512310584441228e-03
6.181796181856880068e-03
6.023025874281368215e-03
1.272223391201920961e-02
8.148776656801033635e-03
9.007644133672620262e-03
8.999957324667864911e-03
7.092183647824528564e-03
8.048380906141877622e-03
1.702466529275788870e-02
1.093793834837902303e-02
6.003851154712165107e-03
8.004752808434972139e-03
9.192415967902312773e-03
1.632286463358700868e-02
1.900247821345079843e-02
1.400999998513987807e-02
1.000434182383164172e-02
1.013771492294826028e-02
1.410811387692012184e-02
1.106287017758807341e-02
1.403400110993493523e-02
8.290235160082893087e-03
1.732607750339773892e-02
6.998399490052618910e-03
1.000705540093191868e-02
6.004417749654475389e-03
7.931297543834535044e-03
5.006373759905454260e-03
1.489887934638403459e-02
1.529269361709173838e-02
1.098586771375125587e-02
9.001910744103794326e-03
9.036821639709596496e-03
5.023734106046521576e-03
1.001141819979108061e-02
1.265682177560754733e-02
8.002506231941045739e-03
1.338327039710947644e-02
1.039593217394538943e-02
1.377989990038623776e-02
1.108578961653297265e-02
1.308561253310035546e-02
8.126713957476366240e-03
1.003092544020614887e-02
9.790678105272456258e-03
1.495219718500959832e-02
1.906808294832807588e-02
1.305552069865670642e-02
1.100509902264300288e-02
1.000071792067295899e-02
1.100926329875014098e-02
1.597733661955988774e-02
1.002010173741694696e-02
8.002282950808058473e-03
1.400844918080874565e-02
1.118327964499517269e-02
1.000612625605157291e-02
1.200147298693248800e-02
9.000986463786666072e-03
1.299188589924827469e-02
1.128745268445295429e-02
1.070697277688149873e-02
1.107829401083485280e-02
1.101084831420926641e-02
1.720986538390283094e-02
1.002862437074129864e-02
1.301674304975489194e-02
1.104140636980175359e-02
1.437829807247373130e-02
1.100214009200270113e-02
8.742752865844362689e-03
1.000407073140117259e-02
1.001930552990929271e-02
1.619637821896144358e-02
1.505320671300681978e-02
1.004453374937352809e-02
1.001182784273284276e-02
1.600312403681532908e-02
1.402964237767038470e-02
1.695738604359554522e-02
1.600232278175536121e-02
1.153618665275388082e-02
1.400001284686424458e-02
2.204441677995641960e-02
1.004272361400189613e-02
1.202966521024077112e-02
2.001992431639300352e-02
7.006787013184572789e-03
1.400146470799179879e-02
1.401227794314122317e-02
1.198396953307565710e-02
9.351389938349979197e-03
1.209094535891927329e-02
1.232355586929706655e-02
5.008312536856923507e-03
9.317834522135203662e-03
1.302390451288420146e-02
6.234432847954295143e-03
1.439874802383901697e-02
1.600273830189442512e-02
1.400908216696680232e-02
1.800366419149274783e-02
9.000945865711845739e-03
1.784101919738412950e-02
2.191040238945760055e-02
8.015679186408329257e-03
1.100649603215037367e-02
1.203049764200828792e-02
1.000636280472274806e-02
1.373899644828887635e-02
1.601308198990512507e-02
2.001765290929536506e-02
2.900195846524060428e-02
7.929072098109536670e-03
1.990383234960707223e-02
1.326564489456739937e-02
1.300828174286548095e-02
1.400860327261109137e-02
2.001617402601606546e-02
1.406393846895913693e-02
1.100277479690450234e-02
1.002897751486068502e-02
1.426048668414064968e-02
1.298596556660543827e-02
1.166794231753858282e-02
1.000082006086882441e-02
1.502652689753462660e-02
1.604628862076690546e-02
1.999249182245471657e-02
1.160544433302613913e-02
1.400358861397797521e-02
2.468403852117404679e-02
1.398062194391131927e-02
1.300370279079187882e-02
1.200795157528155264e-02
1.894285786329284044e-02
1.400961766187071994e-02
1.299969129608521783e-02
2.090947644434379415e-02
1.244020823566724214e-02
9.978227767345068666e-03
1.524181570926643435e-02
1.489850279847703546e-02
1.623018068519644849e-02
7.998165914218853187e-03
2.404021699516036351e-02
1.000704853789267934e-02
1.000241093603882435e-02
1.697324652028725164e-02
1.403848922822577457e-02
1.700212442955464226e-02
1.300092621387602572e-02
1.099443501032790725e-02
1.467041762194144956e-02
1.800592328143927473e-02
1.199549613025004298e-02
1.400418357858539131e-02
1.300675752254377808e-02
1.199547752477677677e-02
1.398747402493599745e-02
1.594062784984353817e-02
1.600177361075563048e-02
1.169609164614482909e-02
1.798017035788580451e-02
9.001778886245826936e-03
1.504644148838183738e-02
1.600417521442630553e-02
8.054856016178188124e-03
5.001288577738174576e-03
1.100643228932030905e-02
1.390286680650460772e-02
1.100105099587737889e-02
1.292730619624863665e-02
1.900810550060860402e-02
9.000671813403365515e-03
1.599099206456443267e-02
1.500958845545903239e-02
1.896691751826148561e-02
7.015116479052625753e-03
1.699920555044638279e-02
1.700109315176078287e-02
1.312602794416661313e-02
1.601789893412020396e-02
1.500084393675154941e-02
1.300420742816889123e-02
1.438017969166386148e-02
1.700204326021395942e-02
1.571713646447703283e-02
1.800871693233469309e-02
8.000162943933825099e-03
1.212576811173147161e-02
2.196617178906532658e-02
1.936681150042898411e-02
1.504284332907184635e-02
1.900932247042548540e-02
1.305182556705996796e-02
9.021789278688931851e-03
1.600591141595459482e-02
1.600121116293473644e-02
9.008110474478293189e-03
1.906248149122377958e-02
1.200711888785670721e-02
5.003010412901753162e-03
1.817763336206910246e-02
6.403302412853719566e-03
1.000666283398439493e-02
1.607116602596794439e-02
1.002658781548253220e-02
1.580134893180374159e-02
1.499984259657580719e-02
1.635381463929780690e-02
1.512812898571787648e-02
9.000375786042140794e-03
9.938563893881180097e-03
9.005768099295551748e-03
1.300115349049497764e-02
1.283870758463062645e-02
1.400451844366551110e-02
1.706057881669997139e-02
6.573870574698575941e-03
1.600716538982125889e-02
1.801019706047560578e-02
1.100718642797617226e-02
2.100862135917211729e-02
2.105157254473257605e-02
1.501183922536665667e-02
1.712570489505524721e-02
1.400043422595536984e-02
1.511268065886189026e-02
1.700200083153694322e-02
1.645307763595156222e-02
2.238033152426389949e-02
1.699535220488287979e-02
