1.299999979696286369e-02
1.000000022488104455e-02
1.499999999844595262e-02
1.199999755624902437e-02
1.300000001059894300e-02
1.599999999588357438e-02
1.799999783354590613e-02
1.000000000180773126e-02
1.599999999991819077e-02
1.000000000661643504e-02
1.700435998310737690e-02
9.001013835469282715e-03
1.304540894009622969e-02
9.008981466419136927e-03
1.500000000130610918e-02
2.200000048624452947e-02
1.600000067989431479e-02
9.999999767021929345e-03
1.499999998051894552e-02
1.899999343420630954e-02
1.300000008130021423e-02
1.196222938034974780e-02
1.400000006099379364e-02
1.099999989064858429e-02
1.972399919460772824e-02
1.300011298348543141e-02
8.000000026980742460e-03
1.300008847533582618e-02
9.000000027138490427e-03
1.100000000286390292e-02
9.000883743844176679e-03
1.299989694834196609e-02
1.999999999812871257e-02
1.199999431879863847e-02
1.400003425865365726e-02
8.000000082702367690e-03
1.199996631702067787e-02
1.100000006214445908e-02
1.804212337999188884e-02
2.200000001913269068e-02
1.299999474677410345e-02
1.600000005480216314e-02
1.299876851037593505e-02
9.000099449740764715e-03
1.499839507102170011e-02
1.500000001223181917e-02
2.224355405264870356e-02
1.619494598108956254e-02
1.100000000073277258e-02
1.200000011239091627e-02
1.300000022314334869e-02
1.196992236623076709e-02
1.799678135176253913e-02
1.499928383831324909e-02
1.600104611854626449e-02
1.100000694285395778e-02
1.500000111921711426e-02
1.300000042889957845e-02
1.400000008628679744e-02
2.000000008530247037e-02
1.300000568082356790e-02
1.699997107430516533e-02
4.999988252807073368e-03
5.000000056796620462e-03
1.800000000918295512e-02
9.686171373923311081e-03
1.700000000485553039e-02
1.400000603756685127e-02
1.399776200636025821e-02
1.200000006648450739e-02
1.199574317174546996e-02
6.000008459555030566e-03
1.400001123967926746e-02
1.600000000400058145e-02
1.500000003285007107e-02
1.658617038487122594e-02
2.238689491092147113e-02
1.501541437980235746e-02
9.999922122801818691e-03
1.399873971033314610e-02
1.299999997553714752e-02
1.799999940539766599e-02
1.400000142470200597e-02
1.399999711525229916e-02
1.400000019725416121e-02
1.774987997231630352e-02
9.000000189500602030e-03
1.401067977021112215e-02
1.016497751926401412e-02
1.223834376452835430e-02
1.394440471240827872e-02
1.653636721990841413e-02
1.207911583303189311e-02
1.800041651914434382e-02
1.899999041585817908e-02
1.599997807126561297e-02
2.501177132901506728e-02
1.900000011062795771e-02
1.300000000420866234e-02
1.501960230983013719e-02
2.346777038358927731e-02
1.200000029270489703e-02
1.300000001310577455e-02
9.004936913474299517e-03
1.526833211431239540e-02
1.400001649476992002e-02
1.399997985934869384e-02
2.300030576762125689e-02
1.900001690642382987e-02
1.002093521528600595e-02
1.200000008630984320e-02
1.499998791461438184e-02
9.999999672977481768e-03
1.294762760585518174e-02
1.399912937613861930e-02
1.899593986939590584e-02
1.300000001076007626e-02
2.740462149004197628e-02
1.300000013275042984e-02
1.306735071250523898e-02
1.819777409371960142e-02
1.100102437993926395e-02
1.200000000549414012e-02
1.900000005322893121e-02
1.900000741087180811e-02
2.323846090369966269e-02
2.200000009403847712e-02
1.700000129612412592e-02
1.578808940538055025e-02
1.200000012203420938e-02
1.600000026176206028e-02
1.700001924265023834e-02
1.419930171693924506e-02
1.100000005842436020e-02
1.400000111476859196e-02
1.299999882265277622e-02
9.008394867208091225e-03
1.700000019712424523e-02
1.815613059638745280e-02
1.799998838481381425e-02
1.002513021953997489e-02
2.499820744123684366e-02
2.400000000666585587e-02
1.300000000538627069e-02
2.499999860373215352e-02
1.700000002713022984e-02
1.999188122517129781e-02
1.899996190944403321e-02
6.000000361837381363e-03
2.099999894376031184e-02
1.800000000305189071e-02
2.399999860811465741e-02
2.000000034067433291e-02
7.000001486818238118e-03
1.500000049695420466e-02
1.964335408744249598e-02
1.899061804273023332e-02
1.698725042148037032e-02
1.791525321176250241e-02
1.500103007782116124e-02
1.500000002331357100e-02
1.900000023559977533e-02
1.700000053144975695e-02
1.300000028974323055e-02
2.400000002889455739e-02
1.900004813286417307e-02
1.553576245325558915e-02
1.515406963430059387e-02
2.000000100694161037e-02
3.042961030271455064e-02
3.030509277982616073e-02
2.100404450506761223e-02
1.400917354095459685e-02
2.000606417541557491e-02
2.999999542012076609e-02
1.900145541174643599e-02
1.600031484718858130e-02
2.026920674171121123e-02
2.589003739561378248e-02
1.898965078440728246e-02
2.899564565234089009e-02
2.599994864273515519e-02
1.742558226542363642e-02
1.999974189454344770e-02
1.698852485218901517e-02
2.000000311912377912e-02
1.100025718505190028e-02
2.095643529341746636e-02
2.300000296179521148e-02
1.800000022763659918e-02
1.599960919347093863e-02
1.599998330687111767e-02
2.100000003745173052e-02
2.109105589866759958e-02
1.900000082665516399e-02
2.467753442304079781e-02
1.599999999239485118e-02
1.274339193918649395e-02
2.576362425355652186e-02
1.617795517758422244e-02
1.589298172202504786e-02
2.000000298485865233e-02
1.400007036995058914e-02
2.400050454816727782e-02
2.300000931650949751e-02
2.398939741491882410e-02
1.800003033011590356e-02
2.299775548717226253e-02
3.272049440761239103e-02
2.300012274972641421e-02
2.456844450829253484e-02
2.199942175255621690e-02
1.999425260351053030e-02
2.000036740597648660e-02
2.111903078058039937e-02
1.900006214323585532e-02
2.313169514761023032e-02
1.799927995013933871e-02
2.320709111067077376e-02
1.976444620305861308e-02
1.800013238958039427e-02
2.100018299622871676e-02
1.600458726268588761e-02
1.608890433907835329e-02
2.100000826255320890e-02
2.401973660596312329e-02
1.599967606339658052e-02
1.400001882429850394e-02
3.887699993426425860e-02
1.950198041566869600e-02
1.087826728711998106e-02
2.100000587488968715e-02
1.299779532766555390e-02
2.838531859211751440e-02
2.600002570742930910e-02
3.200030947894191846e-02
1.299972564957665652e-02
2.111525235505182924e-02
3.100006735302473712e-02
2.083449968039936470e-02
1.728135189383048567e-02
2.295923600360638347e-02
1.799999783895091243e-02
2.688501630999213729e-02
2.614655130449310833e-02
4.899827950885088379e-02
3.301636738476684818e-02
2.031097539736546193e-02
2.792592444576874611e-02
2.783708584332966057e-02
2.800018793745231646e-02
1.900000700731982461e-02
1.599999986050273937e-02
3.117595067401642689e-02
2.201527127165200590e-02
2.900584323549070323e-02
2.693955975657674057e-02
3.103282981642060262e-02
4.001978115015231152e-02
2.300000256800957890e-02
3.004631722770913227e-02
2.003270776674868914e-02
2.800005758547801857e-02
2.300645139444818313e-02
2.000000092454806699e-02
2.905458999298629261e-02
3.000000430782604269e-02
2.895477860923849345e-02
2.502637392945808795e-02
3.100000114215418004e-02
2.697347137841719228e-02
2.292789245042584426e-02
3.000000002033723773e-02
1.981283196670180491e-02
2.600056641881974898e-02
3.330173790771744774e-02
2.898371155341967348e-02
3.812776171444363926e-02
4.399670344332401450e-02
3.631874089762239521e-02
3.500004861931056005e-02
2.799326444707826017e-02
2.899970155929379109e-02
3.000005417418296488e-02
4.138491146420764794e-02
1.900000581522610921e-02
3.818103924677843097e-02
3.317578919381979768e-02
3.991318133099513304e-02
3.269459604256458318e-02
3.509572936716955083e-02
3.200386775610524620e-02
6.151679773252533012e-02
5.515006808128112420e-02
5.035738020512446622e-02
3.600021950729810627e-02
3.212179180749438062e-02
2.968486826129307019e-02
4.400352525433377793e-02
2.600000105563063379e-02
2.499996967628924718e-02
5.066843014631349645e-02
4.648255774183228384e-02
3.445591722062636003e-02
4.496252693760930536e-02
3.900020872584951392e-02
4.444667180550287283e-02
3.529990668078277632e-02
4.126518333610917216e-02
5.089700646938669082e-02
5.799698794227649973e-02
5.245666019836696392e-02
4.602241436500242172e-02
3.616012636951763254e-02
3.899739572402672466e-02
2.800000143932078467e-02
3.137564942264739476e-02
3.507177235270918930e-02
3.092239835141400231e-02
3.026596274697878827e-02
3.473163831866454138e-02
3.594355212402770144e-02
3.000032990884646950e-02
3.769702750321293760e-02
3.409908534682824788e-02
3.999829509354507068e-02
3.250713176044378594e-02
1.800000297602773192e-02
3.337489347020920760e-02
2.900005766256691722e-02
2.107948262510313947e-02
2.300064361545330754e-02
3.299979732165689988e-02
3.796428860164826474e-02
3.402477040950244169e-02
3.213885321594507627e-02
3.565276800528117268e-02
3.339499655905404235e-02
4.199994504244863869e-02
4.618701073314032679e-02
3.794607149178875344e-02
3.752845303392515763e-02
4.000834727424919246e-02
3.200123137320973893e-02
2.200000003420683400e-02
3.699570805883125452e-02
4.099733009242638448e-02
4.300000013421575312e-02
5.400026889203796837e-02
3.699975541366615911e-02
3.301882131690427741e-02
2.706680168830378694e-02
3.357950770886163755e-02
3.533141700928271733e-02
3.700563612353811177e-02
3.200722385622750688e-02
3.107066242170026388e-02
3.455341856344536222e-02
2.799251816154898695e-02
2.400080737363704392e-02
3.170133809453904578e-02
3.300057176706474443e-02
2.598137929888328160e-02
3.199971387190141126e-02
3.470897986533764967e-02
3.700000688913961805e-02
4.680447186249238334e-02
2.800001057061701423e-02
4.514746420890469042e-02
4.801315676829122359e-02
4.600081659001852702e-02
4.712263166578020690e-02
4.500381491679075752e-02
4.026598524580528304e-02
4.200075382296025034e-02
4.099975190712956685e-02
6.500030099508866122e-02
4.494616176322354523e-02
3.681343597281572927e-02
3.201324914508014291e-02
2.715309948649914304e-02
3.900000056327918713e-02
3.382787632456817073e-02
3.000025288207482099e-02
3.118971176205561496e-02
2.502465867570956640e-02
3.100000038047025577e-02
3.012450591411870715e-02
4.298934445475734167e-02
2.900000817812456097e-02
3.898962497819526141e-02
3.700004274173603752e-02
4.500089582727567067e-02
4.289613581854411634e-02
4.300543402307860363e-02
4.104374588845079858e-02
2.900261961245286305e-02
3.600002084732534247e-02
3.806438719074982380e-02
3.318662229256366669e-02
3.300000183459972369e-02
3.499999205642288086e-02
2.800021427876158223e-02
3.900858849810642098e-02
3.000038464516303210e-02
4.002028227043756547e-02
3.509463397137550095e-02
4.819161501602284986e-02
4.696535210523689052e-02
3.097289102371117431e-02
3.900015719141565473e-02
3.699958944327947502e-02
4.300000407649571393e-02
3.700514257785019606e-02
5.200149837467794856e-02
4.302188904107966810e-02
5.585246850876939007e-02
4.041506903203685719e-02
4.111916364418435887e-02
3.700000623250403187e-02
3.116424626503496928e-02
5.559216231531860508e-02
4.099755879171560619e-02
3.974232357348982114e-02
3.901160244353885087e-02
3.184354884768077903e-02
4.000000049621509068e-02
4.200278118982053721e-02
4.296261385191389032e-02
4.738842276432399941e-02
4.499747215996143662e-02
3.404062370433903750e-02
5.201300717822938957e-02
4.600156150326758370e-02
4.285255145542964800e-02
4.483885617425885373e-02
3.183164340246266710e-02
5.385603751399482136e-02
4.298979297452304449e-02
4.002124399908216917e-02
3.999577721269530900e-02
4.408900623685252373e-02
5.680271633147346289e-02
4.568117953248437141e-02
4.695371610652786937e-02
5.221325887224901457e-02
6.697691026438454265e-02
4.700005167887332663e-02
5.749716764523758739e-02
4.600003129353779502e-02
4.799722472483371194e-02
4.603380261139293494e-02
5.500195445698022323e-02
5.492665773022287201e-02
4.567711305572347974e-02
3.000003301365581840e-02
4.799999100799135637e-02
4.171575179090571822e-02
6.339998175679235903e-02
4.500001274136279650e-02
5.099999985953610621e-02
4.500393812330863441e-02
5.120567941584181632e-02
3.489825796137440567e-02
6.500463050778002017e-02
5.496537009294212572e-02
4.477508334630030812e-02
6.800955013357905254e-02
7.973195907000976690e-02
8.383144841791868862e-02
5.899994886466385785e-02
5.709407274126894472e-02
7.775578580164552167e-02
5.501856665385029127e-02
4.400001124374863098e-02
4.517908911619226281e-02
5.799731714259050847e-02
4.600000025686996896e-02
5.395868828043855203e-02
4.700054244515298324e-02
4.304476279080764189e-02
4.300000031855917559e-02
3.595510172700055324e-02
4.000003914591924309e-02
6.804056659961266185e-02
3.400000691330484076e-02
6.213205755836850169e-02
5.932681208860170197e-02
6.900003179305506940e-02
4.900005218789438982e-02
5.099999998037815091e-02
7.599963185024381784e-02
3.999818693240817652e-02
4.607107530087538316e-02
3.803889890752656933e-02
5.203939720226802984e-02
5.099906880755475380e-02
6.143355314321007760e-02
4.500000022913682590e-02
3.958122273112005957e-02
4.500100119929269227e-02
