9.689560874660930745e-01
9.565961331276351398e-01
9.505421956164393782e-01
9.554233875588008518e-01
9.588030600210893928e-01
9.581311975692115013e-01
9.564998478138778681e-01
9.641928087875003550e-01
9.508315559030808828e-01
9.498563420177784655e-01
9.476770973891252003e-01
9.506026378799729004e-01
9.527118931931668477e-01
9.443929835176354537e-01
9.565262406033744336e-01
9.515740059405015661e-01
9.603907603146739635e-01
9.540184242686288174e-01
9.519888629317810880e-01
9.423079949904580310e-01
9.403316731548213570e-01
9.363076524499340803e-01
9.425081357423064077e-01
9.349715787844293802e-01
9.298201404898022160e-01
9.328165472657513613e-01
9.412996348803308599e-01
9.281965489562993277e-01
9.427690571359126359e-01
9.278512796435829380e-01
9.316687166810693199e-01
9.305383567337803807e-01
9.278363436449271751e-01
9.378540978256453275e-01
9.352877596541978589e-01
9.418623146140855384e-01
9.300402543748516049e-01
9.412288308210546850e-01
9.258253915985571458e-01
9.221328166169330265e-01
9.309009384994187952e-01
9.266847811746979913e-01
9.294587752076052256e-01
9.447984595574882016e-01
9.185842552088863133e-01
9.299985792282884356e-01
9.072010203738996026e-01
9.306510568458830068e-01
9.378956033236395262e-01
9.163795213122013505e-01
9.237152013040368370e-01
9.204154354232811919e-01
9.263300627239995366e-01
8.868903351088063269e-01
8.518758404488757652e-01
8.633619361440627582e-01
8.339410024164658486e-01
8.959156734699752489e-01
8.570643960419338514e-01
8.874864323504720875e-01
8.996732288801899680e-01
8.998965429596981203e-01
9.164063819887701134e-01
9.164965909051941972e-01
9.084598041715451489e-01
9.167538330090739818e-01
9.071688282361265454e-01
9.102675052584888737e-01
9.081018703239742695e-01
9.131922140668979893e-01
9.315969032545676765e-01
9.098365261730700926e-01
9.130385065442835346e-01
9.081993115667204020e-01
9.119472699256271353e-01
8.835950431726032894e-01
8.957993523639170563e-01
8.751570102736689893e-01
9.068532846858849972e-01
9.261332856763287991e-01
9.199565704292155255e-01
9.058822592070236990e-01
9.083073868217245161e-01
9.034624856068824705e-01
9.014359926463811901e-01
8.694614280442003462e-01
8.872040086973668194e-01
8.675414872333149230e-01
8.845943732198568998e-01
8.929461852607832872e-01
8.697996229206720331e-01
8.675748005984211808e-01
8.989916158223750786e-01
8.365195504127654891e-01
8.053846300778547684e-01
8.819258591178249507e-01
7.880085938585538186e-01
8.599419228608855548e-01
8.989091627195238132e-01
8.809599057459649440e-01
8.811912563436117285e-01
8.865189943611346823e-01
8.924105252259680876e-01
8.677737158555502983e-01
8.931589212370988351e-01
9.002212985110115140e-01
8.873156077224051419e-01
8.842830352321809917e-01
8.685083676827251020e-01
8.833972488750090335e-01
8.656014387431072432e-01
8.678178587737905847e-01
8.764196961896163485e-01
8.809457990575548791e-01
8.939884578338498367e-01
8.736676285564943800e-01
8.788700046793278542e-01
8.513726296098047541e-01
8.920297428372960802e-01
8.843294050394731043e-01
8.562265611341706162e-01
8.929783362808568770e-01
8.722862303013535490e-01
8.881152992202098195e-01
8.616531872253466728e-01
8.516186761587859477e-01
8.565510443727095691e-01
8.633615419712155070e-01
8.532965718345257855e-01
8.589941990853893206e-01
8.481013591841459753e-01
8.716952866107667841e-01
8.746202198764763125e-01
8.419057013216412200e-01
8.716289165340630474e-01
8.553503319867501453e-01
8.848354606502706332e-01
8.635705200168128925e-01
8.311836597857277242e-01
8.581769496682306597e-01
8.716487769731074975e-01
7.648468812947584183e-01
7.706539561866471155e-01
8.580989739547812967e-01
8.727928315744079013e-01
8.479393258583048931e-01
8.548995365542095826e-01
8.652837593082609580e-01
8.783908165446611127e-01
8.603295652568272445e-01
8.399694207180218308e-01
8.628297343774472550e-01
8.620005344773992162e-01
8.659130316155615459e-01
8.627899956585707297e-01
8.459616072429457789e-01
8.371520490271067150e-01
8.434520382414006923e-01
8.425866185201359437e-01
8.658903697016410161e-01
8.587242471313072389e-01
8.433623091469568678e-01
8.514364185404794672e-01
8.355110036145951824e-01
8.360290500705493955e-01
8.626906266997498296e-01
8.351743710928347664e-01
8.499225168996126234e-01
8.473727025592264761e-01
8.442851602793890464e-01
8.534823794662647067e-01
8.322049393673216500e-01
8.476940207523028237e-01
8.371054218886077036e-01
7.800982141445288454e-01
8.191025813605835593e-01
7.806859325694779361e-01
7.757098307616947519e-01
8.352948413181836562e-01
8.607750738129773538e-01
8.451838132439740692e-01
8.325548093903091251e-01
8.542414421369108890e-01
8.276502779979064695e-01
8.634855228694391371e-01
8.454399113007471378e-01
8.445801464294998562e-01
8.250701404642599712e-01
8.103621493367868522e-01
8.245205436612209615e-01
8.462482363079744108e-01
8.112762945674336645e-01
8.519942005366105686e-01
8.192162089028209859e-01
8.358079655112102824e-01
8.517898298241356470e-01
8.271457476884961357e-01
8.413945794618346019e-01
8.397202367320917293e-01
8.244252794409244745e-01
8.449539482471085661e-01
7.812264185362619573e-01
8.291133251252698066e-01
7.138686332954337077e-01
7.507091358663101621e-01
7.913064873760611295e-01
8.256316953026017202e-01
8.438399868784608460e-01
7.307272878770341151e-01
8.465056124466392440e-01
8.330408720057765892e-01
8.108971887704892190e-01
8.256581951703525490e-01
8.205644869591602886e-01
8.368090277257661525e-01
8.185796915909138161e-01
7.782851178899047317e-01
7.844832680280257042e-01
8.106429939153151354e-01
7.630965805181144646e-01
7.961185146927332035e-01
8.099977274696457119e-01
8.119826247015592413e-01
8.140197336734953382e-01
8.043306107674706995e-01
8.088923215967520619e-01
7.950291376743842120e-01
7.989195497741150565e-01
7.690451158699830314e-01
7.992882314044705838e-01
8.185408165593353047e-01
8.018858762630854953e-01
8.032944314418075660e-01
8.159480139993138259e-01
7.943046453054313227e-01
8.063576597125121648e-01
8.158426902743571851e-01
8.052171251827796583e-01
7.845879126863933850e-01
8.180661056667748454e-01
7.676325885361950929e-01
7.420269023580806644e-01
7.963535624086575115e-01
8.108382183532387710e-01
7.975401803018633551e-01
6.748479857595934828e-01
7.351797956522987398e-01
8.082898014525917718e-01
7.872464133988751334e-01
7.875270014455968415e-01
7.674109587000267352e-01
7.681982273335961064e-01
7.902621168415747688e-01
7.639345808595457976e-01
7.846143291197034131e-01
8.034375318146603773e-01
7.743694929576796504e-01
8.000497331539582202e-01
6.895458321659575507e-01
7.824396708520712229e-01
7.849895993484248269e-01
7.792567609791442029e-01
7.372601955075315239e-01
7.842661802867592069e-01
7.858523892125494070e-01
7.920611120317950782e-01
7.686303285476777658e-01
7.954898267154436597e-01
7.962793818245722521e-01
7.795137914855684302e-01
7.533247995525430563e-01
7.577021756240983619e-01
7.404309146783577544e-01
7.407570423026401674e-01
7.199635425719512760e-01
7.160144718779452022e-01
7.610275608968659622e-01
6.954646851689704201e-01
7.307750621261700497e-01
7.740070678175977603e-01
7.459930130253017433e-01
7.556816121331526581e-01
7.807257432512344497e-01
7.725536621988251529e-01
7.632435653637619222e-01
7.969010248191532586e-01
7.729013411411301826e-01
7.805684107677701711e-01
7.817387874117870394e-01
7.391150127169880957e-01
7.421185129098433197e-01
7.692783992732342702e-01
7.374954785939114021e-01
7.078648862935071895e-01
7.670691777283552559e-01
7.694741021447982776e-01
7.865031904358797954e-01
7.702844611377375195e-01
7.499542167201521670e-01
7.523821647648218924e-01
7.903400092109281738e-01
7.682185239854268932e-01
7.881273508914068415e-01
7.734162508673958492e-01
7.356430572604645279e-01
7.245850320601170402e-01
7.216642792492791170e-01
7.233026346705144771e-01
6.370758705217454132e-01
6.505195737998182848e-01
6.158615516769064824e-01
6.646730740237235535e-01
6.442256456558496103e-01
7.339548384573081341e-01
7.187086287235645576e-01
7.492689296546666267e-01
7.265558160714488123e-01
7.592941698660298222e-01
7.648711480196318524e-01
7.671470757299116983e-01
7.464700425752158752e-01
7.489668489771108550e-01
7.409393223488900393e-01
7.570225080888792757e-01
7.232392911742779873e-01
6.908880484112034370e-01
7.807603271655163546e-01
7.742566974645235245e-01
7.439907219649446457e-01
7.353638128423335418e-01
7.690522657146829921e-01
7.574584255059566562e-01
7.063997014795473373e-01
6.632638375342648773e-01
6.478905636108643895e-01
7.709066773168787856e-01
7.306348441397841897e-01
7.117051006392329793e-01
6.577686869485094290e-01
7.127703773750800886e-01
7.161581018580313041e-01
7.190186884118219268e-01
7.253964918755779756e-01
7.469552783484704195e-01
7.675137662511433145e-01
7.457410588540435148e-01
7.323204457584567839e-01
6.909241717721137377e-01
7.142140310434393902e-01
7.392285992970745179e-01
7.635308079999481023e-01
7.560342556589395580e-01
7.436853609967449819e-01
7.549175325850739915e-01
7.434731775145385635e-01
7.254330840942087022e-01
7.398337344981006369e-01
7.087552186558104816e-01
7.350384733932555648e-01
7.598673585874616832e-01
7.334474056768408579e-01
7.491600970700831308e-01
7.596298755990819052e-01
7.508581608800835028e-01
7.300514639976123377e-01
6.546474258962245996e-01
6.579800632974041052e-01
6.730113980258135564e-01
6.374431353845891879e-01
6.681130313033465384e-01
6.518968653655171641e-01
6.469111794483665134e-01
5.729099897124526608e-01
6.732486477801239433e-01
6.640473347065392051e-01
7.062435831879974035e-01
5.642344910501567723e-01
6.701627681701282091e-01
6.825130747431351619e-01
7.227027878292028307e-01
7.233242394341652393e-01
7.195810032572153014e-01
7.362931007043784781e-01
7.341649421110010287e-01
7.078211484093537287e-01
7.503714257321478787e-01
7.444815851603682200e-01
7.172397095170577330e-01
7.464504133134263197e-01
7.644316582692072259e-01
7.353061276986938566e-01
7.143920188958828854e-01
7.152536545304394311e-01
7.090141291348502905e-01
6.864672628566474977e-01
7.154229369504558900e-01
7.363272080611502624e-01
7.006406141976654345e-01
7.238428904531131192e-01
7.084148900033077068e-01
7.318515141419917880e-01
7.297175570758043239e-01
7.354684003497294897e-01
7.063146122502802493e-01
7.288389041283278580e-01
7.023495951341092169e-01
6.849300852543072082e-01
7.003588907635075467e-01
6.621629967801778704e-01
7.130332272740458333e-01
6.385397016762125455e-01
6.649191184741958249e-01
7.007294674877009300e-01
6.868401327130856382e-01
6.831729364757478384e-01
7.037650310705730883e-01
7.095588049646969209e-01
7.333008859551461978e-01
7.278214430749322394e-01
7.133836582518485736e-01
7.303879804837698497e-01
6.678962120165735650e-01
7.366604854054099594e-01
6.738802575468446632e-01
7.176233852911495514e-01
6.962695116745341029e-01
7.228224027024352516e-01
7.201736763307858835e-01
6.973097153113424485e-01
6.747593422747671932e-01
6.910785750670425109e-01
6.999445674714385168e-01
7.055638049548804691e-01
7.013843177922327587e-01
6.957836681802672674e-01
7.010450603413803661e-01
7.072285822576678260e-01
6.466856776146098218e-01
6.769368299970833780e-01
5.946063326839078345e-01
6.995638763527071147e-01
7.253112110845486571e-01
6.407136718978665435e-01
6.660700454798565984e-01
6.494683375138626813e-01
6.750240100687225908e-01
6.325583802686794987e-01
5.989222217974174978e-01
5.885226602406382623e-01
6.616545239431615988e-01
6.826959574503118633e-01
6.890081997072238229e-01
6.762785016324572851e-01
6.137733028185354822e-01
6.789161565035967127e-01
6.891866634183320128e-01
6.819550653703888576e-01
6.791097447585535685e-01
6.449479366827006732e-01
6.238114135028888230e-01
6.494294099123841812e-01
7.023696448293679229e-01
6.809789435740680741e-01
6.951264153149591118e-01
6.887883604050706321e-01
6.838318953716248094e-01
5.942981491195777899e-01
5.595125515942447336e-01
5.771342369309151454e-01
4.833210652290416687e-01
5.936502714816734860e-01
6.070450010672175933e-01
5.635294362737076623e-01
5.928394038596325188e-01
6.927639842382568025e-01
6.965274428925691819e-01
6.848708501885100164e-01
6.988732658584517754e-01
6.368217293496590825e-01
6.551152746781551128e-01
6.600296354135823940e-01
6.594066297782518182e-01
6.944335017237204255e-01
7.026282954079076104e-01
6.595517749174787392e-01
6.878581543539140641e-01
6.804983394068967462e-01
6.837270479208491514e-01
5.320548048031298327e-01
6.355749674929624948e-01
7.008718786729973838e-01
5.748036277660401039e-01
6.760395559575174129e-01
6.524582173946944508e-01
6.897574060506578286e-01
6.871980306866141142e-01
7.035438704139564958e-01
6.861048496821335885e-01
6.906470275266139991e-01
6.981575681213371132e-01
6.677796901761121617e-01
