8.716778826327531426e-01
6.728763969311843951e-01
4.699452487685391588e-01
2.241096591754552780e-01
7.300000465923398019e-02
1.998976359732678593e-02
7.596280030312521636e-02
2.328807297403920062e-01
4.716449423925536122e-01
6.902486455298727508e-01
8.396073689382673733e-01
9.291072956100862035e-01
9.081745597123627167e-01
7.792652312700449890e-01
5.748983617086660391e-01
3.723103657382013654e-01
1.745825659534845087e-01
4.500000554786950935e-02
5.899999535336484385e-02
1.378701280468773438e-01
3.423440463979789961e-01
5.453645650724959770e-01
7.383548275619100654e-01
8.809736258180381752e-01
8.842323330933556935e-01
8.552472225537582906e-01
6.964859269457820412e-01
4.970069238589874816e-01
3.549995562856257947e-01
1.269968631490370203e-01
6.699806389565943210e-02
1.059997972086128420e-01
2.398060798494887347e-01
4.499989896031182934e-01
6.251636642257144549e-01
7.629968275091301155e-01
8.641451625426949112e-01
8.482247135505192048e-01
7.660938471957643436e-01
6.036447520317005377e-01
3.828883172317722461e-01
2.500194062337396383e-01
1.167122892907140053e-01
1.029994527543182381e-01
1.389996917150750633e-01
3.429815608591159082e-01
5.011114126763605015e-01
6.912871777372846527e-01
7.647514086464165528e-01
8.536763556968528510e-01
8.237507026839369084e-01
6.675940353701523833e-01
4.830325189577198697e-01
3.450053093621222033e-01
1.989949062839122818e-01
1.618304810542534056e-01
1.699572170016127870e-01
2.789525460309396077e-01
4.290125271455627609e-01
5.440414348534738931e-01
7.134601968644552761e-01
7.931366909271080345e-01
7.924038976583761551e-01
7.357833031809989377e-01
6.092728385300504312e-01
4.665275471258621964e-01
2.906932622836975733e-01
2.061169141351057998e-01
1.899770893880171896e-01
2.420168928358947258e-01
3.500532593781349178e-01
4.939916448011911210e-01
6.350438386562506921e-01
7.119156439685886406e-01
7.903982638933118032e-01
7.211222824052181402e-01
6.393704858384986478e-01
5.350066509020789951e-01
3.391618950058734039e-01
2.801975982987344183e-01
1.999985545066086390e-01
2.700405571977502195e-01
3.111364098645792442e-01
4.323032196652060177e-01
5.089123462011609922e-01
6.768765816843395067e-01
7.169058818160364277e-01
7.305874699228983582e-01
6.610293613434780058e-01
5.722672914922121157e-01
4.125243987229072484e-01
3.200033257693102873e-01
2.836736739134007035e-01
2.544271208366158943e-01
3.069602843991170449e-01
4.114150066549873141e-01
4.969941320587660250e-01
6.426704140365779860e-01
6.825533902889655558e-01
7.224339544133884239e-01
6.635914168287646575e-01
5.861661166761341635e-01
4.562203336276771659e-01
3.641034299502009519e-01
2.710594773996646278e-01
2.795382406645073314e-01
3.018201496194685141e-01
3.729926554863786659e-01
4.676254599771213494e-01
5.987525230605588167e-01
7.111838560832967060e-01
6.770726391655658150e-01
6.898216812053751257e-01
5.899420326430083739e-01
5.389988207978275714e-01
4.070116059941291109e-01
2.909033448959640888e-01
2.709995840786244004e-01
3.078693734089516520e-01
3.397167150041762174e-01
4.600004642901411867e-01
5.505407029584578060e-01
6.504254078669171601e-01
6.866035006472562818e-01
7.124927930016301536e-01
6.089524914590582760e-01
5.437679798344267068e-01
4.672753776558651873e-01
3.396394010692705412e-01
2.960011024155133064e-01
2.731512560387143185e-01
3.372213151427014277e-01
4.123978611681621831e-01
5.525231252443247865e-01
5.919782375325567392e-01
7.012960666486400818e-01
6.628121364200958432e-01
6.337411791057909749e-01
6.140002015498089438e-01
4.779591358324778438e-01
4.038025832413157379e-01
2.914629110612879659e-01
2.894706601181146755e-01
3.099899345300196063e-01
3.769116464945701517e-01
4.889946650179037846e-01
5.539925375840245581e-01
7.071212435954093989e-01
7.108068830872092958e-01
6.519637878776909368e-01
6.215514605641656587e-01
5.209987406807549126e-01
4.402301588752215444e-01
3.237955651001458435e-01
2.767848679383888011e-01
2.930426088531901119e-01
3.562052441631751720e-01
4.599992509541259711e-01
5.487164740621492953e-01
6.679559623412780756e-01
6.885772304142916411e-01
6.840067339681821235e-01
6.047872317362591454e-01
5.759262351518272816e-01
4.530626491919075849e-01
3.589183956773995821e-01
2.529891448476881410e-01
2.682020060954269369e-01
3.295407404153238851e-01
3.930600344018020942e-01
5.099115168937805587e-01
6.149493360249511653e-01
6.540224300833565874e-01
7.180088655620827653e-01
6.490726030733485752e-01
5.931574756722221009e-01
4.750131603608540587e-01
3.959997303548761227e-01
3.259461651738168042e-01
2.699906335679051472e-01
3.309753107175799069e-01
3.649992840405681949e-01
5.029981613630899462e-01
6.009238805868215572e-01
6.768507066899195346e-01
7.150599169907239094e-01
7.304257738460950833e-01
6.433055227113468888e-01
5.476019608959318274e-01
4.330019210813371711e-01
3.259996157599102107e-01
2.858665334992985807e-01
2.591788239735207111e-01
3.456698758793826376e-01
3.925283357221501235e-01
5.423896879928511439e-01
5.875598664252236203e-01
6.516465433592437684e-01
6.690293872666301933e-01
6.641209382623664004e-01
5.864962706053522545e-01
5.382250687252180255e-01
3.840675130635136103e-01
2.859997016028074657e-01
3.109182841246375673e-01
2.671690024981803746e-01
3.611844457386112484e-01
4.599481234527657003e-01
5.699655101101605004e-01
6.496114202044763752e-01
6.640439595570407638e-01
6.744373144196690317e-01
6.055079596369915551e-01
5.542212135032961173e-01
4.404062644575997276e-01
3.780546820636068728e-01
2.940030120328838703e-01
2.888389911049618619e-01
3.245219262179688813e-01
3.849579272461960411e-01
4.889530665794699082e-01
5.909386475890514578e-01
6.870450327627083409e-01
6.929461261393300431e-01
6.539947468029706501e-01
5.544150344502495331e-01
4.599617631858759492e-01
4.168125856468695156e-01
3.569996275593873003e-01
3.280462477436248969e-01
3.304503420855592344e-01
3.702615049743895881e-01
4.470600758103501216e-01
5.520061482475301373e-01
6.497801848728084195e-01
6.752740087633309907e-01
6.868457674086431153e-01
5.887494377996839168e-01
5.485588325441708157e-01
4.460043054761565484e-01
4.112068461915297513e-01
3.510201051900908031e-01
3.150014943572346238e-01
3.509984525390090759e-01
3.969781846458496632e-01
5.233159926932444694e-01
5.735646669073130033e-01
6.388740754247482778e-01
6.251610639708775619e-01
6.751239470846269741e-01
5.589982064874955414e-01
5.233103907351082107e-01
3.739779096313615159e-01
3.259745454598353964e-01
3.399783069430613036e-01
3.229325823498899739e-01
3.480106023373775725e-01
4.751269318544987796e-01
5.424968409745508646e-01
6.029718149038058028e-01
6.631946333331925070e-01
6.321248118171469699e-01
6.083083595462112081e-01
5.043145405093385492e-01
4.189940710000229496e-01
4.178630342221515415e-01
3.204252486019721902e-01
3.207128294985255312e-01
3.512221943957269388e-01
4.129024134638519250e-01
5.137943243578085850e-01
5.953682839389178305e-01
6.256582098058804942e-01
6.629774164410748849e-01
6.270488270657699204e-01
5.917579766326563906e-01
4.756628426151883193e-01
4.227268880949966445e-01
3.610657674508278570e-01
3.187257182673461364e-01
3.634844773268592344e-01
4.310168896698990393e-01
4.628698053823589453e-01
5.200062162047607295e-01
6.060002788197625945e-01
6.271466088235517766e-01
6.107143883400187878e-01
6.142348232127851082e-01
5.199726093385609316e-01
4.497305632859223690e-01
3.591883840158486829e-01
3.270381077685486915e-01
3.328507131181586143e-01
3.719592731918692219e-01
4.729568475305415132e-01
5.399269884035204914e-01
5.777772040965916123e-01
6.208122730464123995e-01
5.939215491923336421e-01
5.932544083176030103e-01
5.400077930972417839e-01
4.889707204276675379e-01
4.285479193462402026e-01
3.499994989643431809e-01
3.549409478468570356e-01
4.077793596824870748e-01
4.500679404215811030e-01
5.059159661592961266e-01
5.646513267302285533e-01
6.072607967560437192e-01
6.199516784672364222e-01
6.046429041564371776e-01
5.423254651505854396e-01
5.009999493855172847e-01
4.469979337704370614e-01
3.762100237744965270e-01
4.130187494330268549e-01
3.999944084598701100e-01
4.029822791269321303e-01
4.364899544816306376e-01
5.197161066063626933e-01
5.711031747753930743e-01
6.157162011862574724e-01
6.124011213138522702e-01
5.896703829847887990e-01
5.367913824951947577e-01
4.770083269317638153e-01
4.005378267115213275e-01
3.617901241103257393e-01
3.569760937442145177e-01
3.910236981650834776e-01
4.462423924656937491e-01
5.120110960705156478e-01
5.430521462275389455e-01
5.951889211866482343e-01
5.917690535036657096e-01
5.792442058026127105e-01
5.581895309172524300e-01
4.702124995564946897e-01
4.754903577871218423e-01
4.087546537568388927e-01
3.920013446009485425e-01
4.119227355922946421e-01
4.240717383598756607e-01
4.989094664169816951e-01
4.961193491402727807e-01
5.749196917488982317e-01
6.100885119292541736e-01
6.212590938892977865e-01
5.237717368883038072e-01
4.828669392333188037e-01
5.120700185279944971e-01
4.160229562611874599e-01
3.840002689982429662e-01
4.055036682036841089e-01
4.437165042807911242e-01
4.741490109470978265e-01
4.993980899271951990e-01
5.387879587240679280e-01
5.892822755799984602e-01
6.092212424581341379e-01
5.826450215835612401e-01
5.213241582504327676e-01
4.640642975147767357e-01
4.140155022076512648e-01
3.999907100867226561e-01
3.760481395465445908e-01
4.327353710546980037e-01
4.242189985166952559e-01
4.843489257354781086e-01
5.388148426156487147e-01
5.669970297177954199e-01
5.883493695364624410e-01
5.811612523023526045e-01
5.822575475976764503e-01
4.770524959786093810e-01
4.955435211852620148e-01
4.159882787640578061e-01
4.099974361221186414e-01
3.719370130399881624e-01
3.918614776506103570e-01
4.231612151385705234e-01
5.320634511489764629e-01
5.333987906141096635e-01
5.676042304466893951e-01
5.678122584319167387e-01
5.955294874343077804e-01
5.425656514963443922e-01
4.787699959868947364e-01
4.209134643731761161e-01
4.169841818018077406e-01
3.756529891668724530e-01
4.015638919170063659e-01
4.617192753914427517e-01
4.451171997045810236e-01
4.490286467676133930e-01
5.159721383602834388e-01
5.477272551570869785e-01
5.481308625053061823e-01
4.766680054840597980e-01
4.149634716084936170e-01
4.669160495464060867e-01
4.529193796575507469e-01
5.124573852499345605e-01
5.076421715150171154e-01
3.834838197479170652e-01
4.322731644401342499e-01
4.509643972162317160e-01
4.720033590988452210e-01
4.586744505531484273e-01
5.619881975934968299e-01
5.459152520236936201e-01
5.207708211310105861e-01
4.929636264207916674e-01
4.163234770569874121e-01
3.719718204207703716e-01
4.140272110928889249e-01
3.910015954680088890e-01
4.598623983636336843e-01
4.751612889473205703e-01
5.008887966663836400e-01
5.372791849505886841e-01
5.835280115159380276e-01
6.098707257117346181e-01
5.788377572412976013e-01
5.008819548496695750e-01
5.003793204838072883e-01
4.499992713031231717e-01
4.280215949902893557e-01
3.860178844496292005e-01
3.858441348572922425e-01
5.021841856497851753e-01
5.287652446260419081e-01
5.521259808512128942e-01
5.974652751491998925e-01
5.326685316192480979e-01
5.411503454034343186e-01
5.920934876051225926e-01
4.759353414368968083e-01
4.557594304453453926e-01
4.337745100442229051e-01
4.018914401658316704e-01
4.080030433204233087e-01
4.248496655109029185e-01
4.819706186533228576e-01
5.109995300854306421e-01
5.320339168315673106e-01
6.233329325013655664e-01
5.770344459339840082e-01
5.219835682512472541e-01
5.229992251542506798e-01
4.909098864314338506e-01
4.336195222933544313e-01
4.299995362714313374e-01
4.319995599145290965e-01
4.159980144079328257e-01
4.431445938517278305e-01
5.089932983404705791e-01
5.520836884193441874e-01
5.649811518902781993e-01
5.710005892673361005e-01
5.580391298102638231e-01
5.361585113639150135e-01
5.149984704105423639e-01
4.704747316950977365e-01
4.389862130628647274e-01
5.289981255627894674e-01
4.530015526113408963e-01
4.410003702726356667e-01
4.808161864665749796e-01
5.004632648295371800e-01
5.480948956012587914e-01
5.696455568139101588e-01
5.579985675641366827e-01
5.521893509552452395e-01
4.979792226852876591e-01
4.799737143147143614e-01
4.350077358115108650e-01
4.299379792800506195e-01
4.597403496868432971e-01
4.579486629576803303e-01
4.626773779449120938e-01
4.857207141365041392e-01
5.548624040242153832e-01
5.359738886317582107e-01
5.548231101612239868e-01
5.669966622541050549e-01
5.147277406548551593e-01
5.041904427599808169e-01
4.612967431641512017e-01
4.299514319830861631e-01
4.280449330800868424e-01
4.509981451136653163e-01
4.861980051134611180e-01
5.237185010918667949e-01
5.239982743427294976e-01
5.170007926284519995e-01
5.153424448044421347e-01
5.159999131157140262e-01
5.236770918540246678e-01
5.000012228033952066e-01
4.679561129528793106e-01
4.701594744512622159e-01
4.349884597778841400e-01
4.659992574458099446e-01
4.539243503420883341e-01
5.017040811006973078e-01
5.019867985371303520e-01
5.430134199486138513e-01
5.216183097439393013e-01
5.339997534333242868e-01
5.221716358784448397e-01
5.250147671515744685e-01
4.669991723871444456e-01
4.761254836021079351e-01
4.560006327428512418e-01
4.289721657364363172e-01
4.639921044126046890e-01
4.967291832931682860e-01
5.180686323295902174e-01
5.248463004957494293e-01
5.140298786800763242e-01
5.670351181638587645e-01
5.169450540049129739e-01
5.009994526237179224e-01
4.910110019441834561e-01
5.102980448330276531e-01
5.249727634135961107e-01
5.230277562344678444e-01
5.073933489323964041e-01
4.849920297993717822e-01
5.020952554779366528e-01
5.068558335796666814e-01
4.789690938822931954e-01
4.750080298936987244e-01
4.470060325160526427e-01
4.689980123969416104e-01
4.899285039200889647e-01
4.973401331449148755e-01
5.210028558740581461e-01
5.171585282086079705e-01
5.309973055398437003e-01
5.332206761921298721e-01
4.689579535735069471e-01
4.875591530255579675e-01
4.858654447492546935e-01
4.829939684261221888e-01
4.819855435768871099e-01
4.963592040742932365e-01
4.710132346577629581e-01
5.239950084786064721e-01
5.060368184505662503e-01
5.219953383847120154e-01
5.209483003087114206e-01
4.919532192833730999e-01
4.899767792804883282e-01
4.878853375749153676e-01
4.985162676282156036e-01
5.019986302535643929e-01
4.963334912818627154e-01
4.825478012385681081e-01
4.688213705259265951e-01
4.959929960472045374e-01
5.160638536400108389e-01
5.080782959659674303e-01
5.310039137716894286e-01
4.819759115457769583e-01
5.269899258163743827e-01
4.812226816832331777e-01
5.090071580821279307e-01
4.582735525692022693e-01
4.819837689304459771e-01
4.986666366855160848e-01
5.083271031221979763e-01
5.099941864768383626e-01
5.262445812328281347e-01
4.978635244273360572e-01
5.219961094946763414e-01
4.948026317672762908e-01
5.279912230793675221e-01
4.870000688532483135e-01
4.950240263182635880e-01
4.864990018046868037e-01
4.800451156927021956e-01
4.648996669760527833e-01
4.919798656452907260e-01
4.866668655620913775e-01
4.688232704523964123e-01
5.019753505068869082e-01
5.034891659490448035e-01
4.870007104277100374e-01
5.189929593613608061e-01
5.229971767416571327e-01
4.920417050450018870e-01
5.061891845584366445e-01
4.502769902938855706e-01
4.650997057019183312e-01
4.658685786393284567e-01
4.788123798880761783e-01
4.736209969964360056e-01
5.328620359360602965e-01
5.009701297076420978e-01
5.059974191274846378e-01
4.970366586466569148e-01
5.048664175467882931e-01
4.800179480370198037e-01
4.839971061078364722e-01
4.829203482803261505e-01
4.719932710971547207e-01
5.111214356088603639e-01
5.089948313226871912e-01
5.009816211594111390e-01
5.109938261352219291e-01
5.159865997464178067e-01
5.169851712180337788e-01
4.989474055063662927e-01
5.109949752821069113e-01
4.780954683725042176e-01
4.849151995805676130e-01
4.809991238503108502e-01
5.230154152460017025e-01
5.019775964880651697e-01
5.098124369382217580e-01
5.244343802636921570e-01
5.065831351693681484e-01
5.108699324425315380e-01
5.069363777705665486e-01
4.793221095500922457e-01
4.760017917006201804e-01
4.633551792072930775e-01
4.713707646151254482e-01
5.080013488016811296e-01
5.149944131629923261e-01
4.864647961139914600e-01
4.983299825708250030e-01
4.990002276593223929e-01
4.842619055115560123e-01
5.296671608020482314e-01
5.040026617757626948e-01
4.909976928591730516e-01
5.059966391492910498e-01
5.069902651804548688e-01
4.650294085757215590e-01
5.081192110821292074e-01
5.238620878344905085e-01
5.115731103378287070e-01
4.979517276505231460e-01
5.319986317222221706e-01
4.830037983151104219e-01
4.897408554769110967e-01
4.920448308121169734e-01
4.989946668995842716e-01
5.056413165275002175e-01
4.900015675513378355e-01
5.199378074003710992e-01
5.089983000702208438e-01
4.964316179146266439e-01
5.186790972128295651e-01
5.209471052823774206e-01
4.879779860370532796e-01
5.229965701795029620e-01
5.068406078184293229e-01
5.068878498362964224e-01
4.926702777313266002e-01
4.969916184556078531e-01
4.790653246377391539e-01
5.110771797337814171e-01
4.896102339563177530e-01
5.007002819744444944e-01
5.235256359370911161e-01
5.127055954570571839e-01
5.008098058821893739e-01
4.770597151069599362e-01
5.076595844574309790e-01
4.559966663529511077e-01
4.991426412496109410e-01
4.922894659126742511e-01
4.807450908593191019e-01
4.911628176250967259e-01
4.908362173102739368e-01
5.171655871886430278e-01
5.123130782662481675e-01
5.249965590935260495e-01
4.889965705486323255e-01
4.889972936541367443e-01
4.849867466712391995e-01
4.890994459911107151e-01
4.899546582871684985e-01
4.951613857515517192e-01
4.719897426200652113e-01
5.009342659478489557e-01
4.865336587438957583e-01
5.080389997555614379e-01
4.998344274956447730e-01
5.089992083203752626e-01
5.260055743648720528e-01
4.729978480437506683e-01
4.762870576588692506e-01
4.806363471219732286e-01
4.747366049821871714e-01
4.788708835192856950e-01
4.969847234247996570e-01
4.947855012146302744e-01
4.899605985922461104e-01
5.064176258451889012e-01
4.849774856288009417e-01
4.979903260419258904e-01
5.017425378148182569e-01
5.096245537960514271e-01
4.880640015744513449e-01
4.934924995143638582e-01
4.978979894824533403e-01
4.881419959776657769e-01
4.780385515605956592e-01
4.661471401688792038e-01
4.819998311083671938e-01
4.919969129500740834e-01
4.959871496329085194e-01
4.966021728481627151e-01
4.969888620039578098e-01
4.885407131730162278e-01
4.889405793956143054e-01
4.839906706494024324e-01
4.927432570421264590e-01
4.817536801056047646e-01
4.650701477796032046e-01
4.859721305997734553e-01
4.700125664564564487e-01
4.810175877388544463e-01
5.229460599323967340e-01
5.223929286909936298e-01
5.499392878206512680e-01
5.189982267015150752e-01
4.910150481573805070e-01
4.983308129426866073e-01
4.899975273362380257e-01
4.849852913093382067e-01
4.699497858704765330e-01
4.750327066178030022e-01
5.010349311899177094e-01
5.141382175064010962e-01
4.704194280078822787e-01
5.280139879604676123e-01
5.160228424096927613e-01
5.290015385950218585e-01
5.169149830712594929e-01
5.040122711704715375e-01
4.879999922807292112e-01
4.869990203353632419e-01
4.665014516474181305e-01
4.844462861037796553e-01
4.994091718334769392e-01
4.979829766892670539e-01
4.990114393024581707e-01
4.819981201707776997e-01
5.331137402181219676e-01
5.169629227006851124e-01
4.820257705640656476e-01
4.560139965032777853e-01
4.640779966790625766e-01
4.781180209584705576e-01
4.320006275180419131e-01
4.699575491238282554e-01
5.160375202857578891e-01
5.195575637147981096e-01
4.990254674110862210e-01
5.479905962700735156e-01
5.224742700366437065e-01
5.479789348623691492e-01
5.169788061655758993e-01
4.986005879360594917e-01
5.169935127120885987e-01
4.799892026908553211e-01
4.759686053944385820e-01
4.850460617191987289e-01
4.549985185996089365e-01
4.846942529263508215e-01
4.519997146492965023e-01
4.721108842379816428e-01
5.219653245487220206e-01
5.309977573280907359e-01
5.208287140425847950e-01
4.902507227336691531e-01
4.819988849105519835e-01
4.979869321924677572e-01
4.955248572963980025e-01
4.705627643575287511e-01
4.879992647559572294e-01
5.015874594352546234e-01
4.694243630526917510e-01
5.040118190691440514e-01
5.226018582521344547e-01
5.329923999955681335e-01
5.193706555343534648e-01
4.700626534263763201e-01
4.759739068594040501e-01
4.790525957715050520e-01
4.820990825477169950e-01
4.649233233652538821e-01
4.854335558602154155e-01
4.659939410672601090e-01
4.899957904966866784e-01
4.949607769570542604e-01
5.099665430078799133e-01
5.259473409350211570e-01
5.138389574042312447e-01
4.830327495055617981e-01
4.967484052781869219e-01
4.939466692934865732e-01
4.919364059548950729e-01
4.540023438225124219e-01
4.358020702895359366e-01
4.633026467872425336e-01
4.448543183252242628e-01
4.911387484457581110e-01
5.199837384261976059e-01
5.301426797790548262e-01
5.481230754686855500e-01
5.332403722944423219e-01
4.980839131412535536e-01
4.779563987954854598e-01
4.513719737209604954e-01
4.814484991312837359e-01
4.706908444651589640e-01
4.691496551317903552e-01
4.999980236080284746e-01
5.023460918532216546e-01
4.895909911941574433e-01
5.122527235362167586e-01
5.268848093722285908e-01
5.240109668611435678e-01
5.129993558007108767e-01
4.739096430529931570e-01
4.789910779233539917e-01
4.603036575996554691e-01
4.529977789555108547e-01
4.614551838922008042e-01
4.769309194331182167e-01
5.106716191430323848e-01
5.391182184150866696e-01
5.239979745045117987e-01
5.254981532311781001e-01
4.961039474289489215e-01
5.429965277984062366e-01
4.693688894589134186e-01
5.029748077040695486e-01
4.743352984570344821e-01
4.729994644252321079e-01
4.689993939155669422e-01
4.539995508711397454e-01
4.655886084180630990e-01
4.920420214158390815e-01
5.520126226407043868e-01
5.499382451613774592e-01
5.475793536768630565e-01
5.054545430469185030e-01
5.141782786933531968e-01
5.074036275867123136e-01
4.582988722536933679e-01
4.469985045907214904e-01
4.452505287669673573e-01
4.857398730017071231e-01
4.878221952342760015e-01
5.028743072825292426e-01
5.369102435193731093e-01
5.442276494980448076e-01
5.207692584134813174e-01
5.100006187823953319e-01
5.088511583855048759e-01
5.083151959849492307e-01
4.630916627405017860e-01
4.589996751140111853e-01
4.929941228592761293e-01
4.919236800056261405e-01
5.208976797749683696e-01
5.052926191193238825e-01
5.348106348446645120e-01
5.286640521784461422e-01
5.458739047867741112e-01
5.486467284061304905e-01
5.032915454195214799e-01
5.019936439224925717e-01
4.549911150333414422e-01
4.949995802965517222e-01
4.938056545270210207e-01
4.799844645599265491e-01
4.792382284730265507e-01
4.820005779711887262e-01
5.070243977529190760e-01
5.381665418930642319e-01
5.350225916244034652e-01
5.418887561820676657e-01
5.102653786964477245e-01
5.109993640999105358e-01
5.112036048640155039e-01
4.618705762614978561e-01
4.547742243520601080e-01
4.440105432466647239e-01
4.848902310211937738e-01
5.184878348708182871e-01
4.757164873070146571e-01
5.238562488991984623e-01
5.369647682044658143e-01
5.479938920137863434e-01
5.359960529910107185e-01
5.050057530452934929e-01
4.958768307388391472e-01
4.783463097879853132e-01
4.716687940680023838e-01
4.719849036914739449e-01
4.816359993217022017e-01
4.898215867811810398e-01
5.212131405408467755e-01
5.342317126581469511e-01
5.150359452576160901e-01
5.389894986055879800e-01
5.183546096490426747e-01
5.020516509870173172e-01
4.760737639824847989e-01
4.828312012631343353e-01
4.539971018385283164e-01
4.372247526178457133e-01
4.829834616354508614e-01
4.709235908559293859e-01
4.919749379594520744e-01
5.205286770515252792e-01
5.210297868767008733e-01
5.043684373764246720e-01
5.234377373586507343e-01
5.230145210967277469e-01
5.014970291404545755e-01
5.148074560334005012e-01
4.917958052672478653e-01
4.510658169569053966e-01
4.590554442749665287e-01
4.949799179640825830e-01
4.729946861622192911e-01
5.247872678435053784e-01
4.880248790407514803e-01
5.310107602667787363e-01
5.176649402888300333e-01
5.204419050369882838e-01
5.129871561856069739e-01
5.059820668583002723e-01
4.950361281124636692e-01
4.900416482663262352e-01
4.689483475871052409e-01
4.428571820500991074e-01
4.799798126157612810e-01
5.097203261832446985e-01
5.259949155623424577e-01
5.278706002984897561e-01
5.479078531422494347e-01
5.279901008611025404e-01
5.049930617395302912e-01
5.050494465659028931e-01
4.469955681242586687e-01
4.859403566069859237e-01
4.689602605292425563e-01
4.539898761515099856e-01
4.631736304177744845e-01
5.033784825023346343e-01
4.969874721763136716e-01
5.331058635534330348e-01
5.500999842470589707e-01
5.289844479182080894e-01
5.149472551516935948e-01
4.959852595589249180e-01
5.265965332160753576e-01
4.661155620826739621e-01
4.574224874820704279e-01
4.483365301211768572e-01
4.553797414670331389e-01
4.838640350580333815e-01
5.075513130289438513e-01
5.540849474920721551e-01
5.166299384278887352e-01
5.062745156643083666e-01
5.109551691493389169e-01
4.750746285686441306e-01
4.920235259838230957e-01
4.761815444551823484e-01
4.627784684587458175e-01
4.827404842952767727e-01
4.688077979173190246e-01
5.010269113679580721e-01
4.998122730994517537e-01
5.142711436801130631e-01
5.129988446611893904e-01
5.216380877859559950e-01
5.239983642647386697e-01
5.116932012780455175e-01
5.272686693079123854e-01
4.867528171130506842e-01
4.761685070512957085e-01
4.633136334756335351e-01
4.559275851542136104e-01
4.719369249481112361e-01
4.777302544395253814e-01
5.064717157129834391e-01
5.297076745187421221e-01
