5.503892852206130129e-03
1.084589410101139415e-03
6.576615177245444949e-03
9.192893322161032818e-03
3.905817883951781793e-03
3.167972897615668228e-03
5.301734545271239270e-07
1.880449639512822438e-03
9.813355043936423678e-04
1.005754865808465267e-03
1.660966762767886553e-05
2.005924362131526664e-03
3.001156571271792507e-03
1.001012122640964350e-03
1.000029896845823670e-03
3.395666019489652497e-05
2.999943757666767574e-03
4.945327160918530467e-03
4.946126673297001827e-03
1.981935823996034806e-03
1.947519227368722336e-08
1.087278592344823976e-08
3.050130727365312287e-08
3.000025114576141023e-03
4.017055265182484648e-08
8.856774149945775799e-07
2.000521175289804270e-03
1.960920298102218118e-06
2.525956311954433820e-05
4.774902872691758312e-06
1.082981915720328874e-06
1.001110585968004521e-03
4.000786739292014858e-03
2.315462920888824733e-03
2.001503281255121152e-03
2.996382772520100098e-03
1.128745957338381971e-03
6.180989227691039214e-03
6.376067929998358724e-03
1.745253266897700984e-03
1.043291248839361886e-03
1.005342927120153216e-03
1.013757216140051933e-03
2.800694851970569684e-05
1.008335145610642644e-03
2.031173374407333528e-03
3.042345356047777317e-03
1.057762460466528257e-03
2.003908639530419065e-03
1.004692461697471659e-03
1.029322498426917193e-03
4.004311608618614689e-03
2.087702388080572759e-03
5.060323022050255103e-03
7.076987365222198699e-03
6.911167852474749281e-05
1.004372604275806380e-03
1.011719433461264828e-03
2.098858314666584776e-03
1.409182156542166092e-03
2.211287453612485396e-03
1.009807097863220718e-03
3.000429716200495815e-03
2.002216016144226386e-03
3.000655005399687717e-03
2.038925204459578634e-03
1.524225823835838268e-06
1.009181778125497439e-06
2.000043295933306899e-03
1.000009070047386782e-03
2.000106728522087467e-03
4.278076121756644527e-08
2.422720988035232457e-07
1.000153649310585920e-03
4.699454420221423866e-08
1.000326751437044482e-03
2.202076671005805805e-06
1.016888348277971863e-03
2.001252094839552683e-03
2.002130666495717960e-03
1.002328278079895078e-03
2.004071165224393693e-03
3.971627821170793833e-03
1.004633108505304569e-03
1.674279288085562872e-03
1.028174728567065373e-03
3.013138523288795816e-03
6.063462922056652750e-03
5.138938060071881510e-03
1.425978942601469806e-03
2.011013843200627673e-03
1.269080712291211161e-03
3.007594478719214596e-03
7.004444694327256575e-03
2.010700724667312082e-03
5.071880791938569374e-03
4.040594554514858293e-03
3.005235882652383238e-03
4.040902703164445803e-03
6.992527797698292955e-03
5.033385520838942750e-03
3.008265643298679935e-03
4.266536393372122500e-05
4.166983364136974018e-03
3.001549296063898715e-03
4.022820397159488325e-03
6.315950259429026735e-03
1.007365256875901059e-03
1.069323615141264594e-03
1.965794885167191589e-03
1.003077926264618830e-03
7.207555774770139413e-06
3.003436954473766903e-03
3.114183451046593706e-03
2.015119007348774045e-03
6.106978999020397279e-07
1.015789936976613933e-03
2.000084560775144699e-03
2.000189184974240225e-03
9.997567918178522535e-04
3.052676099330921320e-08
1.142963835677265919e-07
3.589124449211193993e-08
7.256760144328786563e-09
2.002060694570529514e-03
2.000140260129899903e-03
2.019073839240577775e-03
2.002460470314001897e-03
2.001673188193659695e-03
1.999609766358410607e-03
2.002008493214894273e-03
3.523127465702967972e-03
6.001254474008160117e-03
2.000395890480460934e-03
5.949578026278079176e-03
4.002445670874044126e-03
2.671884464472658923e-03
3.021976507509040438e-03
1.004566524317708964e-03
3.009608942257745341e-03
2.966561213276555208e-03
2.282375041566651088e-05
5.002305874841652539e-03
6.026682547711558618e-03
2.031739770511109197e-03
1.114914435316566917e-03
4.015886579302917897e-03
2.029925523015075825e-03
3.001387894156603252e-03
2.001349292553636187e-03
2.000946922661128030e-03
1.123524104871471193e-03
4.092396318380132902e-03
3.020700530315821933e-03
1.009244961993809118e-03
5.043443504126045480e-03
2.103398634400806873e-03
1.509788566733270203e-04
1.002784420130535667e-03
1.895012513529919932e-03
2.008166863372427401e-03
1.001417749386814861e-03
3.595386619811560911e-03
2.009357369085226601e-03
2.996631486121305570e-03
1.998494411022388832e-03
1.000631489360120875e-03
2.001571681827015586e-03
1.024035793404291230e-03
6.662019306631010229e-08
3.000420540644628629e-03
3.841367172846592987e-03
2.963236713656981562e-06
2.000040082518000049e-03
4.937907615720281244e-03
2.000130998099151642e-03
1.000013347349201819e-03
3.000162211413318070e-03
3.000914132224405829e-03
5.987033853631718375e-03
4.447199833866188542e-03
3.000182364147585892e-03
6.000325257340803978e-03
5.000419636065464926e-03
4.005056613244644195e-03
6.004117810014526595e-03
1.009053773553986915e-03
2.132074504879598927e-03
4.003612103148567088e-03
4.764241356676017570e-06
2.197793415450834863e-05
2.007673010684443964e-03
3.003152691901947446e-03
1.005011690950982509e-03
2.005630284854399183e-03
1.016144399884740630e-03
4.007947797300581878e-03
2.078654581155019165e-03
2.026379814365298748e-03
2.044215227485895407e-03
2.169925949378502961e-03
