8.449136789042287488e-01
9.576037157094103858e-01
9.547847863347332931e-01
9.691919892315669083e-01
9.701726641014740693e-01
9.441084278258344842e-01
3.799843698762467303e-02
3.242204734776438918e-02
2.873001496704905358e-02
3.803564603618102280e-02
2.666584504774669948e-02
3.225912931764172292e-02
3.993354393249684553e-02
1.512141470881725805e-02
2.602603133932859455e-02
2.986106733100933261e-02
2.513048450708757139e-02
2.071019937303296421e-02
3.125333659965501276e-02
2.399822844355522372e-02
1.849303797401485872e-02
3.030079403942374794e-02
2.702315275873127046e-02
3.876235039830342594e-02
3.700065468154634107e-02
2.680713419845293446e-02
3.239287002964744144e-02
2.998802763322289122e-02
3.499036478487584784e-02
2.910049433966851659e-02
3.491958882299359135e-02
3.517240354667628549e-02
4.072286834514961262e-02
2.303683613913421607e-02
4.200857378395943947e-02
2.817776020587579519e-02
3.738752891046642074e-02
3.752270196232904836e-02
3.107260815092270298e-02
5.108034315688975840e-02
3.777874734770229198e-02
3.790070218122774948e-02
3.914560050039854466e-02
4.844919505474530597e-02
2.997224630522585254e-02
4.221478437753974772e-02
3.576245065326152245e-02
5.385570209222567684e-02
5.689625033049022784e-02
4.908586211201797916e-02
3.480155530835385425e-02
3.809176238425465016e-02
3.992923530082666955e-02
5.100752422865119373e-02
3.108073427640726388e-02
4.331190695496951737e-02
3.574923048470157044e-02
3.669987240596749717e-02
3.848192524702876566e-02
3.337893942793218605e-02
4.896129580172051826e-02
4.059632934456459952e-02
4.563903986570762294e-02
4.182399585582716184e-02
4.520980418731834066e-02
3.700220609752535861e-02
4.588493899155045991e-02
3.894711587297271932e-02
5.514980329191004199e-02
4.364556824434290966e-02
4.795895434723095735e-02
4.177241137440837471e-02
4.068666399164336256e-02
5.403916096332399277e-02
4.006481052347971028e-02
4.044772101764722988e-02
6.194272735538559199e-02
3.843717427908165812e-02
5.399820566983414699e-02
7.262120460836458957e-02
4.509039146766184725e-02
5.889128949891706682e-02
5.524056789053630179e-02
7.205420710095117309e-02
6.482789540180880494e-02
4.300775500593997241e-02
6.064498098322562009e-02
5.795318013105969779e-02
5.800795312614410310e-02
6.405797091004894472e-02
7.299300466749455985e-02
6.264323027262370946e-02
5.871109726004317825e-02
5.980402412404966367e-02
5.899424349488158886e-02
5.200665892218864911e-02
6.355573183826541961e-02
6.291450773020969278e-02
7.585640966322337864e-02
6.176832703442087374e-02
6.107433445705903741e-02
5.364433451150632526e-02
5.500471638584483042e-02
5.271696704106178938e-02
5.482862840751311778e-02
6.851467494642352052e-02
5.965968572355153515e-02
6.864097799021166846e-02
6.689989151460253025e-02
6.116530542235185108e-02
6.731368956489683364e-02
5.926602004808156909e-02
5.808980490104427574e-02
7.301291918498373223e-02
6.486520931462723405e-02
7.046282714521646950e-02
6.701120259884155161e-02
8.599973873696986626e-02
7.133086999316980148e-02
7.391562855460243053e-02
6.028768836358422423e-02
5.565153802339231626e-02
8.090924413094990886e-02
8.400303367611736127e-02
7.260431487013886687e-02
6.029194407702000852e-02
5.169030187698787221e-02
6.020414850845856591e-02
7.230059155766704881e-02
6.255407095291311281e-02
6.900869943875713453e-02
6.448016818368622338e-02
7.587114623274475445e-02
6.777118446460345114e-02
6.679164062383040334e-02
6.111752858993120541e-02
6.853758719648653241e-02
7.400591814588819428e-02
8.146230962869385750e-02
7.392019027571811174e-02
6.151911768215641979e-02
7.639651057719031024e-02
5.742857319229972141e-02
8.097931937686295156e-02
7.107413025612999147e-02
8.106625327849607821e-02
7.065155048215561451e-02
6.257918319359920267e-02
9.387188755441294719e-02
8.401288658128942821e-02
6.591121685248220452e-02
7.412399540006743559e-02
8.777041372859607782e-02
7.612030301665492771e-02
9.824754699516759227e-02
7.762902841726079806e-02
9.366267028250241378e-02
7.740544792158410292e-02
6.546006559380738998e-02
9.155854977576975695e-02
9.436636671928676223e-02
8.843942931014703301e-02
8.786218854727724514e-02
8.203514307109424641e-02
7.809054660262691738e-02
9.106358176410069005e-02
8.134376324642493550e-02
8.152686049840415783e-02
1.026259639897671161e-01
8.729522360715770424e-02
8.715472415013883478e-02
7.607092942484205977e-02
1.087051010568708259e-01
8.325568081510537066e-02
9.383263416729481499e-02
1.033399623393699840e-01
7.581618476758755776e-02
8.569835045540957763e-02
8.989163160134290564e-02
7.900650081919663448e-02
8.739106936265227110e-02
1.040317672329699461e-01
9.163126461459759897e-02
8.777097398738867295e-02
7.303609638768046586e-02
7.800527183334603210e-02
8.993059671229888807e-02
8.849184989558249448e-02
8.933312893802090870e-02
8.340004532019407169e-02
7.473057130331559050e-02
1.096006141418552349e-01
8.775315219017952584e-02
8.490005897242294819e-02
8.218469150306442761e-02
8.657687952067655290e-02
8.801348937321611110e-02
8.762090713798507957e-02
8.193469762738972428e-02
9.097184207276085011e-02
8.288101275341322460e-02
9.261966314309370840e-02
1.071811971166811983e-01
9.815476818130061676e-02
8.727047963001487163e-02
8.179622474236522556e-02
9.932460809339056784e-02
9.002172679722893200e-02
9.013148220221194051e-02
8.209542164608024661e-02
8.261989810321870853e-02
1.111611367316380772e-01
9.221464372289570055e-02
8.672755286008632103e-02
8.697878458819159608e-02
1.058316500756160128e-01
9.033480285966632994e-02
1.003439781406240267e-01
9.391450554174204934e-02
1.100058179096388006e-01
9.686593822025589551e-02
1.130025531260847454e-01
1.090372933742346090e-01
1.041130808376652256e-01
1.080055834274128296e-01
8.799275904351717970e-02
8.702913517921397057e-02
9.540826412532288359e-02
9.220624045664664592e-02
9.039523732122595190e-02
1.029804547618286686e-01
8.985275744904371031e-02
1.096774558657207937e-01
9.491839383899428051e-02
8.601160888901789037e-02
9.702636888385193781e-02
1.004751864701133313e-01
8.752877089928970400e-02
9.909100095941357489e-02
8.934631327955315505e-02
1.001314211798648990e-01
9.001831552848355011e-02
1.077707094388310055e-01
1.009189245363544540e-01
1.001237179727125226e-01
1.276926348607787254e-01
1.073120908170157178e-01
1.089557114919258718e-01
1.140063693278875606e-01
8.598704546327670672e-02
1.309650272043678676e-01
1.011337327135542197e-01
9.966987715715430740e-02
1.079157288191435887e-01
9.785547659716740954e-02
1.000947798755817547e-01
8.900752156421973260e-02
9.818607915472449266e-02
1.210023763260878044e-01
1.063973060819018712e-01
1.426764474119929793e-01
1.202504968453077944e-01
1.108146488622170356e-01
9.266500105186335767e-02
1.286153288352170077e-01
9.667511458388033940e-02
1.088735233615053810e-01
1.190463232723051462e-01
1.162558516277275439e-01
1.016346681835195165e-01
1.127714348730750049e-01
1.010689918229868700e-01
1.178939124191078908e-01
1.100380064705273608e-01
1.033255474774283783e-01
1.226458872813194906e-01
1.063376347809610600e-01
1.269984081301437917e-01
1.023618097808744187e-01
1.370343467868789800e-01
1.269049046029048222e-01
1.110365368910940509e-01
1.241224276170691254e-01
1.376435500760065378e-01
9.802854924454611207e-02
1.240595712461195349e-01
1.100222315044408761e-01
1.380007463912687193e-01
1.510004612858087958e-01
1.474694972203116627e-01
1.196494470364411200e-01
1.393703648677302454e-01
1.305196588306865024e-01
1.286406593926151809e-01
1.269104183103422767e-01
1.293053864312372070e-01
1.157334201257103762e-01
1.264162773204794421e-01
1.338581678378561457e-01
1.081906938117448702e-01
1.312724121582050929e-01
1.075353125309104901e-01
1.223156119106948020e-01
1.136053347137730984e-01
1.206025819046875197e-01
1.120219124646015391e-01
9.612997562537813068e-02
1.170152387051871523e-01
1.060238130617455615e-01
1.210001147308937819e-01
1.101885293742490418e-01
1.351404873044680377e-01
1.170160303560109916e-01
1.260140800643584913e-01
1.220759033017181916e-01
1.568402814528537803e-01
1.178053692700359034e-01
1.330263265341276313e-01
1.320376013710414798e-01
1.291877544516601140e-01
1.071592985807160586e-01
1.290582182730248828e-01
1.159823596912948757e-01
1.391991223121801236e-01
1.445902620861439225e-01
1.340015788774034378e-01
1.349772592442250174e-01
1.339379756826556966e-01
1.278553288697941159e-01
1.302928416739109752e-01
1.479795720226684819e-01
1.531415870477469410e-01
1.392596706048014332e-01
1.395955488215422646e-01
1.458910929985090532e-01
1.326191516931871373e-01
1.451121135571118437e-01
1.179465633907871430e-01
1.279504609690237660e-01
1.500941482552287931e-01
1.338249362785164653e-01
1.380876534035103964e-01
1.185411426955234465e-01
1.406751662286565563e-01
1.341063061304681170e-01
1.223619126085299241e-01
1.210548661689593020e-01
1.421667179353824639e-01
1.525758506315672003e-01
1.499074601125683914e-01
1.356747602243875139e-01
1.722730870097892719e-01
1.573822011350718419e-01
1.262084440231791560e-01
1.525749895801316591e-01
1.150117276271160199e-01
1.181572737917846588e-01
1.646078023202160179e-01
1.488104612882094613e-01
1.524838637920173101e-01
1.213351549535117979e-01
1.459355410012497800e-01
1.470056505265392444e-01
1.580427224833464428e-01
1.319983684828559267e-01
1.452218737956640082e-01
1.230178158719993642e-01
1.270170706129916116e-01
1.481152970057982576e-01
1.450628268854828873e-01
1.302084036150428781e-01
1.324743455084942401e-01
1.310989077612302323e-01
1.690162632345255656e-01
1.607745522988864861e-01
1.462223784639366253e-01
1.537568664768452220e-01
1.360076827185170700e-01
1.260054668183778759e-01
1.310932221330690373e-01
1.375918517836417498e-01
1.270127725198544610e-01
1.197712884422996865e-01
1.434859986277041699e-01
1.616246423294792345e-01
1.433878397828548257e-01
1.566241710799573250e-01
1.108951249850564647e-01
1.565816797746644451e-01
1.838506701561467560e-01
1.576878862602955622e-01
1.460010668702518555e-01
1.422794937490999834e-01
1.380119794211376039e-01
1.500088636908255280e-01
1.451117478237736735e-01
1.467075785768158502e-01
1.193082497181167378e-01
1.381673804737950095e-01
1.230705312538194346e-01
1.494185175124659315e-01
1.361355110501189514e-01
1.530443512150023444e-01
1.357378517542497387e-01
1.431483892831955929e-01
1.480722183948346704e-01
1.460223807676065966e-01
1.266397151680418443e-01
1.391968226668165720e-01
1.375842263239428209e-01
1.269568982300154913e-01
1.360792444349266384e-01
1.571012337288915928e-01
1.580281412931752172e-01
1.391301734522832623e-01
1.382520907251287012e-01
1.651731466183335439e-01
1.644239119672656901e-01
1.587596907266594082e-01
1.606011480582807960e-01
1.410160525005279553e-01
1.562427163129837537e-01
1.349905492186336542e-01
1.837126428520527155e-01
1.599912883721090473e-01
1.649756318436275682e-01
1.519733141557659262e-01
1.394581154024606695e-01
1.387993777295830067e-01
1.629957733412570053e-01
1.641070396492992356e-01
1.379608017872068770e-01
1.262227312250763789e-01
1.488410827479280107e-01
1.350349783976813600e-01
1.507070823941817350e-01
1.730751477832586649e-01
1.609019918026915463e-01
1.563865179921473392e-01
1.318700930460436904e-01
1.566613263952480739e-01
1.583315112594402829e-01
1.496569753835134409e-01
1.847816584990458477e-01
1.838404479942153669e-01
1.790030906337312933e-01
1.761597815532663647e-01
1.780863249669372983e-01
1.811943868482794595e-01
1.687681766856805043e-01
1.799664450360739798e-01
1.668913552122567590e-01
1.789333138337117490e-01
1.567845292560590686e-01
1.690780498379881314e-01
1.600621725061868450e-01
1.459993216156053875e-01
1.748047307163623498e-01
1.599368659701576323e-01
1.522780031018380331e-01
1.630072417862946932e-01
1.601056821753677473e-01
1.469924310709330439e-01
1.817689318592671244e-01
2.380212495783213811e-01
2.085734065569851692e-01
2.876805015859197345e-01
2.452877513153940148e-01
2.415996549576517327e-01
1.877377188465039759e-01
2.251222035383061426e-01
2.248852077900788116e-01
2.613544173924846614e-01
2.001044365107724210e-01
2.000561655197553301e-01
1.801431072017101176e-01
1.965526495213496816e-01
1.970009961493534023e-01
1.777317845555179965e-01
1.862707502607846566e-01
2.032475294009725431e-01
2.471860838359454526e-01
2.530363568605342728e-01
2.313079872288394401e-01
2.451148143365347587e-01
2.211159142951935330e-01
2.561877727712154607e-01
2.591573007319476485e-01
2.219909931411063464e-01
1.926630534972995912e-01
1.888707686138287323e-01
1.800084797862365471e-01
1.569694270123616342e-01
1.801618801197724107e-01
1.920011280295026990e-01
1.621109285948821310e-01
1.499965494818113754e-01
1.731005707149869399e-01
1.842434342325696417e-01
1.570475359405023585e-01
1.968710138787237718e-01
