1.804391273694407050e-02
3.340386664748396656e-02
3.445780438511468480e-02
3.257661488495014468e-02
2.819693996831163993e-02
2.586880243490493128e-02
2.550015435257634716e-02
2.580719121069202995e-02
3.316844409700095420e-02
4.014365797560510984e-02
3.531854262776756848e-02
4.039634828455791749e-02
3.424269786673697635e-02
4.659803501594548397e-02
2.847375939531950409e-02
2.642599357325390447e-02
2.360923900543195064e-02
3.598157596434934519e-02
3.301113708769996130e-02
3.869201157533572882e-02
4.666832676387846351e-02
5.173011816971626736e-02
4.349186419669986980e-02
5.402842132492212401e-02
5.045586031559005230e-02
5.418333975076316394e-02
5.070036509268854158e-02
5.880336256836487391e-02
4.823094283694901591e-02
6.114872035355330832e-02
5.933039957508658147e-02
5.646174631787772430e-02
5.216365635694411584e-02
5.014590785555612246e-02
5.071220608714852029e-02
5.013768530321215111e-02
5.795977930812772072e-02
4.777116911680092531e-02
5.613248502145103125e-02
5.586718336393443202e-02
5.609906675380720714e-02
5.731521877050009539e-02
5.754245628201894169e-02
4.620144099277111172e-02
6.641734972009204208e-02
5.500142075947991177e-02
7.055542557345167998e-02
5.315399717302753818e-02
5.110439667562781396e-02
7.162047857540772278e-02
6.328479847281989756e-02
6.761464221048818501e-02
5.567315592423804221e-02
9.811038105288054367e-02
1.321231134325780709e-01
1.256380569130834124e-01
1.510589964643172245e-01
9.108432610112526806e-02
1.289356038717795472e-01
9.251356756422547678e-02
8.732676543898654220e-02
8.310348596599684279e-02
7.859362975842290600e-02
7.850340903800921699e-02
7.354019581927208338e-02
7.355999561700270195e-02
7.583117175901803175e-02
7.573248870394440335e-02
7.790036766966557114e-02
7.480778586661762652e-02
5.640735357368686226e-02
8.416346536737502604e-02
7.296148221603726558e-02
7.580068842927907558e-02
7.305273004152286476e-02
9.981878644252550892e-02
8.181375272516162866e-02
1.098275753465287052e-01
8.314679319131323965e-02
5.986797461333809300e-02
6.704342959524743628e-02
7.611774138757868013e-02
7.769261175357349003e-02
8.253751727786522163e-02
8.456400715636473719e-02
1.127886919834834023e-01
1.037959911131326601e-01
1.184478329964740867e-01
1.052406492608790878e-01
9.481547097468848162e-02
1.162559723669197576e-01
1.158888321816704259e-01
8.892926834459319307e-02
1.454800330680902920e-01
1.756153795062871392e-01
1.020741628109094051e-01
1.869796348124311836e-01
1.210580770284865881e-01
8.809083727626763893e-02
1.040204919442049292e-01
9.534097327279900114e-02
1.014810053461605160e-01
9.458947476092624540e-02
1.232213472309755115e-01
9.157274664858873481e-02
8.577868499421868742e-02
9.868441241824615906e-02
9.271665900019784856e-02
1.124916154108512867e-01
1.065818159097049883e-01
1.223985611705830506e-01
1.171821533115950664e-01
1.135803041374062183e-01
1.061065733365900154e-01
9.201241279001169671e-02
1.073364315741098113e-01
1.081299953099122552e-01
1.212227489001532210e-01
9.497025702995348651e-02
1.026032442480216966e-01
1.255756647721098518e-01
9.602063933920398919e-02
1.157137696931525017e-01
9.288470072656131171e-02
1.193468053637815607e-01
1.251428629375143653e-01
1.214489555332519677e-01
1.196384567326604920e-01
1.309153387600937857e-01
1.290058007925764527e-01
1.358986405540921205e-01
1.113046941465832135e-01
1.111804784065845153e-01
1.470942986199344771e-01
1.143710823511684682e-01
1.316496691905971184e-01
1.061561444825213640e-01
1.194294797860630392e-01
1.506602096178848438e-01
1.238230619469554705e-01
1.183260928073526647e-01
2.101549112640048456e-01
2.053460438066871396e-01
1.289010260398326391e-01
1.022071698218599695e-01
1.350606741145649881e-01
1.251085822206191855e-01
1.157162787822950401e-01
1.156091830935015441e-01
1.186704357994125825e-01
1.420305792789262056e-01
1.131702670144382056e-01
1.179994651819264578e-01
1.270869668976202516e-01
1.222100038444750847e-01
1.343950386696117216e-01
1.438573329301630344e-01
1.395607113371189756e-01
1.394981282681016233e-01
1.191086002205379718e-01
1.262757528453792855e-01
1.376376906174435200e-01
1.315635809280707724e-01
1.514889960956616599e-01
1.399709499005560853e-01
1.183093251673861396e-01
1.492898664539097364e-01
1.349234134660867446e-01
1.326272964338319760e-01
1.252852294178964931e-01
1.162125277539091395e-01
1.467910161276108350e-01
1.382968057067426593e-01
1.428885139359767908e-01
1.899017904353504094e-01
1.618959632276700811e-01
2.033137525833335624e-01
2.040209624965939883e-01
1.388151212862024919e-01
1.202352754026154574e-01
1.258205411036850407e-01
1.414452419669557370e-01
1.283329755976655995e-01
1.523499801075502424e-01
1.195259522783719275e-01
1.345600855801291629e-01
1.444195963854482401e-01
1.539734242423225485e-01
1.666378477014180404e-01
1.574794561111426128e-01
1.377521544985547686e-01
1.727237221256953392e-01
1.270057994259377876e-01
1.596927351985115151e-01
1.451920336621346785e-01
1.235326357528237079e-01
1.568542523191091553e-01
1.458620285989790100e-01
1.345161390143517766e-01
1.593967653814912788e-01
1.391530700308664104e-01
1.987735784788794147e-01
1.568866045047795921e-01
2.621308621563990804e-01
2.262908548171804757e-01
1.847041152090200811e-01
1.563682743672823727e-01
1.331622576343669262e-01
2.365522177153535632e-01
1.304942648036344355e-01
1.423906834859308967e-01
1.671033894769545780e-01
1.543475522261369970e-01
1.594351456348633567e-01
1.420719414936535696e-01
1.624202462658503043e-01
1.985831869624851420e-01
1.975174520218350160e-01
1.661499149740141568e-01
2.171389732788270577e-01
1.858813529176865098e-01
1.690020895341256546e-01
1.720127880357550099e-01
1.698913619874263536e-01
1.746693809699762234e-01
1.670879417972850056e-01
1.889711862622192873e-01
1.870804314015865610e-01
1.920778841957526961e-01
1.812097881798607757e-01
1.705809161535447316e-01
1.771141178620249113e-01
1.837077732305269773e-01
1.556666674085687985e-01
1.796953289871394133e-01
1.616420308085460000e-01
1.711575840760661549e-01
1.736676224621685749e-01
1.844120199605819854e-01
1.610993946528257725e-01
2.150860595699745081e-01
2.350138616383129486e-01
1.856464397523917287e-01
1.622767653367691854e-01
1.763132683936436684e-01
2.761537347315558000e-01
2.318038369629345230e-01
1.713992231500428842e-01
1.848276621553561760e-01
1.846359127110735188e-01
2.045888533625210282e-01
2.128017656590840134e-01
1.937378832979225751e-01
2.048894684664378518e-01
1.933703996086447163e-01
1.675566249498491034e-01
1.986909472857436854e-01
1.689174370296212813e-01
2.704343866838901933e-01
1.945603265799192572e-01
1.849640834238662213e-01
2.007105312541071496e-01
2.347397469069905374e-01
1.927273683187927245e-01
1.941476098629026370e-01
1.788842979752185147e-01
2.013696671444962505e-01
1.755553946753179162e-01
1.786942442459696911e-01
1.894862073722774765e-01
2.197017290690399249e-01
2.193699319254757696e-01
2.295690853013049870e-01
2.394301257306581387e-01
2.540358910092290201e-01
2.506837902143374541e-01
2.099887275497144268e-01
2.664075531165860933e-01
2.252282344305060191e-01
1.896741912847799139e-01
2.190069383553878146e-01
2.163251234197692274e-01
1.902745551894717557e-01
1.974462836269919308e-01
1.953715231720305479e-01
1.840989693656206461e-01
1.889176196120915252e-01
1.862558000384100798e-01
1.783480312572179316e-01
2.281903912404474599e-01
2.227857577229871988e-01
1.987177329706605600e-01
2.009877236735632400e-01
2.369850456252116655e-01
1.825734420665204027e-01
1.945256783479035467e-01
1.813750177566259836e-01
2.000306706009696012e-01
2.060422580255140690e-01
2.216178341795475015e-01
1.846600211127825963e-01
1.811130458682595756e-01
1.653900913667609718e-01
1.921278319119777700e-01
2.193944158019262569e-01
2.364147592140335707e-01
2.338890489452180310e-01
2.413974586487027396e-01
3.216589461421454077e-01
2.985834197307949411e-01
3.261414603808169832e-01
2.828702657779096907e-01
3.097519399791480166e-01
2.298850351731743236e-01
2.422939755524086969e-01
2.227310689060127413e-01
2.420685345059038762e-01
2.056340577812609816e-01
2.042064536289541765e-01
2.025869615231096210e-01
2.187983191061196597e-01
2.150895988988613949e-01
2.290603477422635814e-01
2.052804644079078700e-01
2.426616234788937787e-01
2.691136564952515964e-01
1.867325410740398595e-01
2.077432995594488685e-01
2.226343845648462438e-01
2.356361294950996277e-01
2.098682516602138615e-01
2.195409308785900848e-01
2.606005011987957420e-01
2.987718738640869898e-01
3.180846659796331966e-01
1.969544694671760965e-01
2.337123878549347000e-01
2.548999028017130408e-01
3.002313680090419323e-01
2.410426118917796401e-01
2.458958266501800882e-01
2.434528585542529988e-01
2.345951608501728181e-01
2.210434902783199040e-01
2.104862337146499174e-01
2.172632330871252515e-01
2.266822241491168455e-01
2.660758280936706965e-01
2.317857000645227317e-01
2.237716452892594132e-01
2.034503706831476688e-01
2.168989426527568321e-01
2.227351312943933737e-01
2.097510504056433467e-01
2.195211863619233594e-01
2.425596920495639852e-01
2.290956030801992727e-01
2.566913627807441700e-01
2.369690084451954726e-01
2.161318340389013215e-01
2.348512562286202421e-01
2.178393311628523121e-01
2.143887451020348722e-01
2.171421252480152386e-01
2.352395561370499988e-01
3.083525672146358865e-01
2.952154648401036363e-01
2.989885914035694814e-01
3.174094004065062258e-01
2.838738119283622519e-01
3.021023180444642464e-01
3.059661888858533074e-01
3.820861953707567205e-01
2.864853669740707875e-01
2.939519114705005931e-01
2.527566649048731406e-01
3.707652079547546498e-01
2.848910700666483775e-01
2.806734892840492268e-01
2.452839630257169778e-01
2.495226610793356559e-01
2.414189961795054906e-01
2.298790229710534205e-01
2.358348050069241919e-01
2.609891398285906217e-01
2.246039155921426278e-01
2.245184144591616249e-01
2.526357845688236292e-01
2.105602422318164080e-01
2.065683335526682096e-01
2.257042473231109236e-01
2.486079383623811534e-01
2.397454496422849191e-01
2.480897350466057805e-01
2.705273031202740652e-01
2.435333171610934155e-01
2.346701723263970030e-01
2.633593649550093896e-01
2.380927223561370987e-01
2.583984877041285433e-01
2.351484840234086826e-01
2.352824508677729409e-01
2.365313853715090286e-01
2.546767992516134060e-01
2.411607112265091724e-01
2.576301225954532592e-01
2.799752807743174365e-01
2.514494942204695827e-01
2.908716511145852390e-01
2.559938817022429647e-01
3.224601411323718692e-01
2.980812920825247625e-01
2.562705284358034463e-01
2.761547247090642143e-01
2.648255651495743379e-01
2.532130798883472922e-01
2.345887265265337862e-01
2.262840450128169867e-01
2.310593932808834572e-01
2.496163355156474362e-01
2.384477732511951498e-01
2.765116256681078855e-01
2.223419558028745524e-01
2.863774188796657238e-01
2.433650122653117087e-01
2.718869394777851389e-01
2.371775968013496161e-01
2.378235424793936070e-01
2.597276708367438069e-01
2.778522349609088837e-01
2.639239527729960177e-01
2.660148088242224595e-01
2.424231878668902940e-01
2.526141207044997339e-01
2.613637803643031887e-01
2.541160834843608773e-01
2.609397743398694791e-01
2.994582848713953083e-01
2.800733770283937996e-01
3.653724233170101421e-01
2.604403464345976249e-01
2.305997826785989024e-01
3.024836117706600769e-01
2.882487749876589955e-01
3.035779463796093314e-01
2.727627310590284848e-01
3.004647094669360419e-01
3.540777265237092797e-01
3.539801721141241364e-01
2.923454447633006548e-01
2.693068178248545497e-01
2.649579976813833393e-01
2.687195439105625194e-01
3.313000394512416458e-01
2.754067304406798700e-01
2.808133035680121514e-01
2.700449436216198484e-01
2.791745034505407896e-01
2.916520815605070927e-01
3.311885737557483944e-01
2.995705902280798028e-01
2.526264170473235815e-01
2.678153770100901720e-01
2.699753267236666421e-01
2.462070090871494032e-01
2.612027345354331898e-01
3.609267675341219506e-01
3.724778982721762000e-01
3.431338039990751154e-01
4.328474863530397121e-01
3.473497796536627602e-01
3.358609261915134758e-01
3.587147779246467882e-01
3.521420294865172940e-01
2.632360045179946151e-01
2.582934679912385345e-01
2.571318326688995515e-01
2.551267338846783805e-01
3.092195823699024348e-01
2.978841828766920496e-01
2.969256017956100058e-01
2.975933699031890756e-01
2.696113965492791253e-01
2.573716654461732367e-01
2.724076584829085990e-01
2.781418387327811437e-01
2.573696030347347175e-01
2.569461399905492716e-01
3.989451634038151395e-01
3.154249803191431223e-01
2.481281213466244862e-01
3.491967403837161199e-01
2.839622571100744453e-01
3.014707073044303742e-01
2.722036950418156853e-01
2.607625721111179740e-01
2.454570607784887504e-01
2.524615971746563270e-01
2.643529722442491403e-01
2.622612091475429175e-01
2.872193086245953264e-01
