2.078118351824893503e-02
-7.710900756361321363e-03
2.087467538162409569e-03
5.037449098753202931e-03
2.214969093203959533e-03
-4.963835870540930784e-03
5.779072008180632068e-03
5.162449711335404152e-03
-6.150573427960759169e-03
5.258414850602702306e-03
-1.541848756864649689e-03
-5.834304610507739207e-03
-6.165523143887549455e-03
-2.524161639708949901e-03
5.299785070068450607e-03
9.092053225093734564e-03
-1.060210572087014603e-04
-8.882827416965525733e-03
-4.629962998879649620e-03
5.920914629007858164e-03
5.585087234454285494e-04
1.008732126889026921e-02
7.649427978553348904e-03
7.071647325205352580e-03
1.151374548168894105e-02
-1.575665393424586060e-03
1.085820774434983170e-02
8.758311461618493174e-04
-6.819792686050453294e-03
7.078582821726137585e-03
-5.901850866864085006e-03
7.450635954099950624e-05
9.348195266395296563e-03
-3.621437355527649341e-03
1.664405604940402683e-02
3.911246330350058240e-03
9.527794853119744790e-04
-3.100159048144140485e-03
-6.466641003031796571e-03
2.187465962299867811e-02
-4.230578745479230893e-03
5.176351313489528649e-03
9.123121808294467477e-03
-4.667262704273486898e-04
7.834177143294577920e-04
2.742279584463126144e-03
8.577058902452042166e-03
2.541082747749390356e-04
8.695251696689084223e-03
-1.647859331864633863e-03
-1.340010056005044338e-03
-7.758951474187161801e-03
-5.873876699895716133e-04
9.288431745959745134e-03
5.051249864684708227e-03
6.945689929591791247e-03
1.091629055596183629e-04
-2.919504747554076433e-04
-1.345012885005482557e-03
-4.507105555584335448e-03
8.267091149985358184e-03
-3.631779027891890096e-03
1.826300744579554148e-03
3.443892545697583522e-03
4.705973684682646964e-03
5.970276896408145684e-03
1.484314675315483254e-03
1.764239468645153628e-03
1.426029361268731825e-03
6.103648877705408933e-03
5.152609518563341055e-05
1.820171915456106002e-02
5.082396158744214264e-03
2.313456340663279029e-03
1.326864242072828617e-02
8.945785150782920372e-03
8.437161674859597338e-03
-5.226308323694346322e-03
3.907773479935940618e-03
9.001469452272712127e-03
7.307546143481571076e-04
1.623082504752196981e-02
-1.949275516397244072e-03
1.548225911440869774e-02
1.912001848553036626e-03
7.124124278302835546e-03
1.428262038579930504e-03
8.342388618939497805e-03
7.811744282490961852e-03
-1.571119522501604861e-03
1.047614817942170429e-02
6.357391707583944992e-03
-2.885931144389247086e-03
9.089993785428570477e-03
3.267468840999428453e-03
8.974187517432372779e-03
6.911969105227755775e-03
1.249432283063928693e-02
3.676727299947631696e-03
1.064243416870161787e-02
2.576191782973281507e-03
-1.497035849481762352e-03
3.391337156275331778e-04
2.601146816185437305e-03
8.017506945397281926e-03
7.644199405259117022e-03
8.877223392143838293e-03
7.077927382583931032e-03
7.018492944458717270e-03
3.100561855825331985e-03
6.908111012830000716e-03
6.121274799494995714e-03
1.811515681397593558e-02
8.759460388505320091e-03
5.921133959083027705e-03
1.013142208073244607e-02
-2.182609042359886717e-03
7.949459935990346726e-03
1.105682958810503928e-02
-5.085190234158118959e-03
7.293907922552091659e-03
6.678630009561002017e-04
1.315317196915931353e-02
8.958112499035454299e-03
1.289269218995887749e-02
2.895047303176813500e-03
1.258370615708300812e-02
-3.072586259111832665e-03
1.303284318668633882e-02
1.987536643874635370e-02
6.048267426600243378e-03
1.984214637596168665e-04
4.132925389420081218e-03
9.613181857356989162e-04
2.023358193624749321e-03
4.662780962157326084e-03
4.291458445725374743e-03
8.642218334346415259e-03
1.828216073158532573e-02
1.179793821993808424e-02
9.162995068310638563e-03
1.051789262954129327e-02
5.833098197300065277e-03
1.450760409907104510e-02
1.083398237604065936e-02
1.353126548164727307e-02
-1.499342401921208850e-03
5.710508321133662621e-03
8.473899098633672425e-03
8.417965429538553507e-03
-4.352103716634756056e-04
1.634780850732725759e-03
7.542713921159764287e-03
1.049230074708197742e-02
1.920180608410044718e-02
2.649734002662852000e-02
2.439215985421820426e-04
2.721308628368257487e-02
1.723695375274391858e-02
2.406062176537651295e-02
3.005289737542759382e-02
2.667340661479929501e-02
2.781831623265556067e-02
6.479196803567031059e-03
7.586394377237780720e-03
1.156228461392216043e-02
4.366314292276326885e-03
5.146905154540110973e-03
1.246400572972464378e-02
1.106109815502545266e-02
8.622672378437173588e-03
2.566054851217259777e-02
9.324421854435762866e-03
1.588148813683804006e-02
2.281386638482307480e-02
1.187690016271988197e-02
9.528897395732940923e-03
6.929926317973524562e-03
1.697483576890066251e-02
1.568763077595434693e-02
1.131279844071236135e-02
8.277510959194763623e-03
7.971134662208154142e-03
1.376553524605591411e-02
1.532122582569095913e-02
1.661381616330147651e-02
8.140714105603200079e-03
9.219010367464270522e-03
2.473987564924273047e-02
1.482669707590829333e-02
7.048043388072235300e-03
1.058703947545334978e-02
-3.250767258297977084e-03
7.540609161734281550e-03
2.452713071463459744e-03
1.360720982897377015e-02
9.347821349899069002e-03
1.442879888952474559e-03
3.553122302135724130e-03
1.404093049890774159e-02
9.556957997710731345e-03
