2.005653689124533949e-03
4.125005980734159847e-03
1.868017312774656030e-03
1.036169741243354436e-03
1.967804795744770641e-08
1.000008734008699020e-03
2.000045441595132197e-03
2.001533673997132629e-03
1.302380360928696986e-03
1.252260809553516936e-03
1.113715898735513458e-03
4.771367541920929455e-03
3.728068957297523984e-03
4.036899110948738087e-03
2.006391299006052720e-03
2.000322228724216340e-03
9.990880981117272654e-04
2.000037248886492661e-03
2.000004697982490920e-03
1.102524134449422207e-03
3.000341764055698603e-03
1.444433225088973460e-03
3.849292985128777850e-03
5.006513495912755067e-03
4.955109804026553745e-03
3.335992642394564490e-04
4.920539720698626461e-03
2.000643174302018431e-03
2.000422780914778986e-03
5.003242043246187640e-03
1.000016777596003702e-03
8.168314881195035777e-07
1.206423292863994644e-03
1.001618250767092981e-03
5.000483926644950020e-03
4.003385483003043741e-03
2.009162633027937461e-03
8.002117440312513444e-03
1.948283698459416912e-03
2.093193244550953843e-03
1.153013869187317648e-03
2.000637313348378916e-03
4.098300444900368315e-03
5.563534216077452901e-07
3.000472603473551200e-03
4.942369890395838933e-03
1.009162526412835277e-03
4.058692913568277480e-03
7.012469059239567586e-03
3.024882596289049826e-03
6.005135908002776253e-03
9.017861849095943141e-03
3.116185363092040424e-03
7.002598036354008848e-03
1.794839293873116135e-08
5.169523968728004584e-03
9.980936529804470842e-04
5.047445638494636733e-03
1.000055732880450465e-03
5.995676907842090696e-03
8.004392953009519321e-03
4.932191448396112607e-03
7.545326696727569504e-03
4.358611525282436554e-03
2.725672438325183605e-03
7.753238982853245809e-03
3.317672779678399343e-03
8.227191493253493068e-08
2.022911195458275066e-03
2.002465344035842931e-03
1.000432791844878830e-03
6.036713424319804962e-03
2.921295498966367324e-03
5.806580249366376928e-03
5.983631150594001351e-04
7.034557170741709275e-03
1.003998395081028092e-03
2.000707142040135736e-03
4.000354990415587453e-03
1.000082158908647536e-03
1.299995830909231841e-02
3.990959262057424892e-03
1.883477131112079898e-03
3.002480134735365305e-03
7.982064961321514232e-03
4.025669686767116215e-03
5.510820118226319834e-03
6.670275512098120668e-03
2.002208413937275628e-03
1.073394625554021514e-02
5.999180627762683640e-03
4.001168862385488800e-03
5.003249641848601589e-03
3.000140020910244121e-03
2.039283664404539440e-03
2.176808145434490967e-03
7.054356364371269610e-03
7.019522133101402557e-03
6.065364299760873414e-03
5.000630055212116828e-03
7.755287257408318216e-03
5.007860393179215143e-03
3.005892058631661617e-03
4.001901045188662256e-03
2.000353076210458804e-03
2.000084452453168311e-03
4.001489069764450728e-03
5.003115024368861782e-03
4.002263537542166856e-03
6.002558852682845190e-03
8.966344986305756909e-03
5.001953862320805862e-03
3.004671272744878757e-03
3.099105607684770562e-03
5.004196865734469174e-03
3.002097525364382218e-03
2.000816785409585772e-03
3.000312892367261019e-03
7.000191121849290432e-03
3.289402963048866212e-03
3.999535558964525950e-03
4.000794096846694951e-03
1.803437915915252765e-02
4.004246058739109430e-03
5.965755746791373201e-03
6.000250022743013577e-03
8.070176117806995147e-03
8.736850634678782618e-03
1.099880311932327319e-02
8.000278707883464943e-03
4.003980032481245857e-03
8.013624828458463731e-03
1.097833901043128099e-02
1.482193829079498119e-03
4.003559120337550972e-03
4.007662185961722093e-03
4.004179717359334333e-03
3.004478258624689469e-03
1.079702917554981522e-03
9.002318426901880638e-03
1.016848769593838193e-02
5.000652973547041122e-03
2.003153731529757915e-03
7.004966232469717578e-03
3.002156730909742201e-03
8.005333058318225142e-03
1.200109001487959827e-02
9.002498725543282843e-03
4.028080172093773115e-03
1.203619372721326415e-02
7.001055083355742399e-03
1.001087501465551706e-03
7.719539809762723109e-03
1.016897053987888405e-02
6.148344214462885850e-03
6.000287942473537563e-03
2.010331123300900490e-03
7.001304255848144614e-03
2.010091771644195030e-03
9.058695834411980771e-03
6.011102523957890902e-03
6.005720748118229674e-03
1.100146403263378703e-02
6.065697607205855144e-03
6.006211954583728051e-03
1.005092765100618893e-03
4.010860543388274253e-03
5.000088748594772731e-03
3.006035290117289784e-03
1.000790434124346163e-03
8.006192827093451536e-03
3.974458554417753184e-03
1.301412817441306193e-02
1.001111479496559703e-03
4.935628345636622685e-03
6.007512917347396404e-03
6.985406202802347392e-03
3.000268234151504988e-03
5.010891043972690029e-03
5.009400778547006168e-03
3.024548760375978494e-03
7.162485985095234789e-07
4.000178951231907545e-03
3.002842672369989037e-03
9.000275543305472081e-03
6.958788741105394540e-03
9.006576298248143708e-03
9.021165923962818842e-03
4.045502073873667032e-03
3.000137607327198891e-03
4.000027115002293895e-03
2.719888488301631067e-03
7.000032000487850861e-03
7.404029976773804540e-03
5.967847911648781721e-03
6.538784253450466086e-03
7.406807668192453252e-03
1.599038687834382355e-02
6.000918073820404701e-03
1.308171096624480972e-02
1.164909787757652943e-02
6.007953526254418419e-03
9.004598717232310812e-03
1.200073966972973680e-02
1.107390117047469397e-02
6.999947481085722761e-03
4.981654287297391896e-03
2.055197599587668070e-03
8.002154080476827497e-03
9.587320368456577618e-03
3.005182747466099338e-03
1.400027808418597558e-02
7.001009689176059848e-03
1.208965952999952256e-02
4.718355468421441858e-03
1.000121160982320439e-03
1.000301636246549684e-03
4.014448174250968143e-03
2.506948061377542100e-03
7.001534863974398330e-03
2.001549296792006806e-03
4.041783871712106326e-03
5.081338250908917255e-03
4.988821800250241127e-03
5.007526352205545969e-03
5.198741964647001813e-03
3.312546048263552423e-03
7.972070114677145755e-03
7.640974929339670353e-03
6.953253401352956463e-03
1.012095029685220176e-03
5.002573396847596193e-03
5.996727484707129775e-03
5.000702812965537869e-03
2.001774636924337058e-03
7.252876883873616773e-04
4.001870821202807398e-03
6.848421897808191008e-03
6.050909403436588972e-03
8.015242391863590735e-03
5.792126654074723074e-03
7.990130918042693750e-03
3.000533717006893634e-03
3.001553158787628999e-03
7.037455968634496149e-03
2.948100196186337514e-03
7.000416240693090215e-03
4.000864711240338135e-03
2.000718455718361773e-03
7.968052674570595337e-03
1.000047060772485223e-02
1.099177566325729334e-02
1.502209742427240181e-02
5.018427575013379577e-03
1.030858849555526570e-03
1.992935037747375036e-03
9.988910253819175897e-03
8.000297663447331759e-03
6.998150408585502094e-03
1.000369650865725116e-03
9.064668442131846443e-03
2.000586079669846185e-03
8.018238074377237457e-03
4.004240957196779360e-03
2.000917559847481368e-03
4.643423908751920758e-03
6.999797674785344231e-03
1.003743714777911855e-03
1.000296487353947040e-03
8.026558149473618856e-03
7.001576116529381437e-03
5.007138502259061985e-03
1.043444419470966091e-02
4.000720683541914187e-03
7.933443405871678372e-03
4.296314912486657277e-03
7.001459292421923289e-03
6.002033960525219626e-03
3.927724036618134365e-03
5.088745152336359226e-03
5.000433325628148018e-03
7.001878590233792839e-03
9.000582941711991400e-03
1.100380186054013276e-02
2.000907357209996511e-03
7.953109684379493921e-03
3.006512322111822705e-03
4.797233265105466798e-03
6.027793471480316634e-03
5.000430783213292985e-03
1.000371947757005804e-03
5.000579956113311575e-03
7.149292196532637186e-03
5.007366019838647292e-03
6.999219960379903308e-03
3.007491388990442445e-03
6.459715043793457130e-03
5.001510570428423924e-03
5.999269944004609507e-03
8.001190664847297046e-03
8.001096015256984120e-03
5.965638541919867158e-03
8.009664755336334818e-03
5.000502622661140949e-03
4.003342987629669898e-03
4.000248128806448665e-03
3.000659642662355762e-03
6.000610041658290504e-03
1.034658612019648434e-02
5.003124826492724372e-03
4.000874267183100914e-03
7.019245068991462194e-03
5.299530999443570652e-03
6.005126263134646404e-03
5.002319841172019922e-03
5.000723542637722403e-03
5.002925384149882991e-03
7.000528694909450948e-03
4.001490467766979572e-03
1.185917200308012585e-02
6.001263034346443828e-03
5.992423420273695379e-03
3.626956461183239791e-03
4.147282250515648555e-03
9.992664089685167339e-03
1.007661633095126991e-02
8.998634231841350084e-03
7.000546626845555349e-03
1.000862423093283431e-03
5.043278713546282821e-03
8.001041330848793209e-03
4.997915028357227500e-03
6.002481209233971778e-03
7.938651096613411409e-03
8.001307792175097258e-03
5.021324522553143738e-03
4.202230286282079147e-03
4.002842640276750401e-03
6.166409479779517630e-03
1.149807276986555826e-02
6.018172552374821682e-03
9.000178063252949057e-03
8.944242887152448543e-03
7.000364028240930667e-03
1.002543979598974474e-03
1.003990281569386127e-02
1.299833823177512504e-02
3.094410524639090981e-03
4.005192514117303718e-03
6.996047970481887590e-03
1.031836241419936510e-02
3.934793537093622846e-03
1.000235528467022066e-02
1.099908742266296306e-02
3.000112886642922368e-03
8.999493336065983104e-03
2.000943310707777468e-03
1.000301081207870951e-02
1.000266169954733622e-02
3.659012388494188757e-03
7.000908101779180701e-03
6.989853345122149474e-03
6.089842460576162970e-03
7.003232368355265421e-03
4.000146120019865137e-03
7.010430381995249455e-03
8.016389498874761446e-03
4.001882225104726534e-03
9.982250034841187031e-03
9.003524930783242744e-03
8.058695519557667122e-03
8.002969757786282043e-03
1.055188470429944438e-02
7.162476195223861468e-03
7.330050499899769430e-03
5.205816975144497531e-03
1.157190178950573411e-02
5.032011072641936165e-03
7.011094055063464038e-03
9.228513457348704735e-03
9.001354072712077284e-03
9.035068057735266486e-03
7.223402978764788263e-03
7.936853413649750527e-03
3.379289515044673741e-03
7.207773424317291157e-03
1.309079293112967377e-02
8.972400098121516288e-03
5.468338508584040872e-03
5.055911875874184551e-03
1.101618678547025727e-02
1.215551320091073223e-02
1.202501435491824811e-02
5.011034060892770141e-03
1.088119803971270005e-02
7.959671721627866597e-03
3.034877625516941256e-03
5.029810430673283504e-03
4.041661491727024762e-03
1.024704873759785598e-02
4.036289877072851175e-03
9.003487614783343279e-03
5.084686669936415958e-03
1.007874203873625890e-02
5.060176726567916505e-03
8.516206971540285844e-03
8.029218787620653885e-03
7.195791053088285497e-03
8.003774690397254948e-03
2.976798932545844916e-03
6.014338351627659431e-03
5.083583725864805787e-03
6.101775789271058487e-03
7.036358761580757161e-03
5.348942998524334157e-03
1.101217840764797014e-02
9.008580518397667214e-03
5.019039560432295502e-03
8.122067433776546108e-03
4.846475590500605272e-03
1.102469331663116087e-02
5.514341218477959543e-03
7.041721335917845541e-03
6.992293081044030113e-03
4.097599604467152927e-03
1.105951530523020636e-02
3.010935013168493813e-03
5.000364168181664973e-03
6.059530672087832040e-03
9.015596922652026682e-03
5.000249179759381005e-03
5.001336458370334200e-03
9.756772621894574393e-03
7.005128192923403170e-03
6.534713706827321653e-03
7.317729380034045279e-03
6.659788964420616970e-03
6.003187672783980543e-03
5.029430642952704630e-03
5.000549618258478234e-03
1.016898741068357308e-02
9.017157496942757380e-03
9.003423088382991879e-03
8.329281345009421217e-03
6.003808468281160611e-03
1.200015811314767041e-02
7.966083462783388539e-03
5.962039667341465649e-03
9.000147122886402451e-03
5.017188239980598444e-03
7.001286707391848885e-03
1.309027891294796062e-02
4.996618736153985406e-03
6.000823325124100133e-03
5.000478453048042699e-03
4.001083134865457240e-03
7.000200346763100698e-03
1.200265014533929107e-02
4.003643880255690693e-03
8.018840110335573312e-03
1.100045749929809413e-02
6.020441605800075542e-03
6.000234227994214777e-03
7.001512493375488567e-03
9.525386369543130741e-03
8.999605359842089217e-03
1.000206433818471262e-02
1.000005755299924505e-02
8.999629826650749898e-03
6.183351814841712459e-03
5.536654309352360796e-03
8.905933315080315563e-03
6.020004260233337290e-03
6.000736061023889505e-03
4.154687119954401237e-03
7.022504535097942244e-03
4.012405514770994198e-03
5.000188782149631549e-03
8.000944373403434326e-03
7.000305154291546622e-03
3.999147620109962283e-03
7.247152437229493691e-03
1.519346681470340639e-02
3.127186360568802361e-03
6.016327853993989373e-03
1.027385298582601109e-02
1.000280253795348025e-02
9.023742769161015656e-03
6.809531810376681302e-03
1.496419173534557952e-02
4.998199624365201946e-03
7.003706884720040451e-03
7.009544436579492541e-03
9.372213532313907261e-03
8.000555543525397773e-03
1.500088527239289322e-02
1.099924941086066060e-02
1.400170471444644668e-02
1.400009887125382504e-02
3.971838026634496796e-03
9.996984069858950647e-03
8.048609398062319190e-03
4.000890370129532060e-03
6.010770687058989911e-03
4.000742139987972443e-03
7.000512518564724548e-03
1.299648014406550728e-02
1.001360429734774946e-02
1.100339863341667952e-02
1.164319841373072026e-02
9.001264047893337006e-03
1.000523966983652563e-02
5.017279908449624910e-03
1.200079878912798000e-02
1.487397684805281256e-02
9.999637287631837207e-03
1.012012519015573209e-02
1.000674552801367710e-02
9.955327298431728908e-03
7.002403310039805387e-03
8.155904470531841199e-03
7.000717712741852568e-03
1.001844650183841834e-02
1.400061827905814578e-02
7.002563914664356251e-03
6.001247839037480471e-03
9.999518792399358577e-03
1.014901583457640880e-02
1.100365522024802749e-02
8.018183909537882417e-03
5.005998593345068609e-03
5.005755999275492835e-03
5.002851462993760517e-03
1.100401495600225425e-02
5.000664558717923640e-03
6.013327616583897389e-03
4.001983038957632882e-03
7.069462835199793321e-03
8.154294210095764869e-03
1.001202928840748581e-02
9.074969469161416752e-03
3.002779212984954451e-03
8.868213499523937629e-03
7.003593177565503765e-03
6.002364111996087367e-03
6.135652268028630660e-03
3.011040238482002359e-03
1.500435705022955604e-02
5.000501928526805868e-03
6.998575989272403514e-03
5.004992806187685828e-03
5.005622251303146197e-03
7.004286006547949875e-03
8.000901472215209143e-03
3.002886800744744566e-03
1.199850938601546187e-02
8.010906640849727381e-03
7.040637234726056064e-03
1.100158262354086584e-02
9.002996932767605431e-03
6.940207079999765813e-03
9.191484214791116950e-03
5.007002528812661175e-03
6.002517675915658261e-03
1.099947860100272505e-02
1.000257662284116666e-02
1.092831418116564819e-02
6.010075185656590935e-03
1.643947273271661666e-02
5.000515675309197099e-03
4.007926243511195780e-03
3.001329477573776161e-03
5.005243851213455122e-03
7.035516601131902407e-03
6.005803217045475005e-03
4.004648143514738697e-03
7.000038236382373838e-03
2.003879219587423408e-03
1.119177551326301125e-02
8.004419642274504879e-03
8.999965621528905127e-03
4.005878239171553265e-03
7.501006620863379971e-03
1.000089128924968977e-02
6.001152135900862661e-03
3.009021135670298525e-03
8.076074014788875780e-03
4.003195522502485046e-03
1.002465459054215080e-02
6.322692975588330155e-03
1.000284057001203999e-02
4.007041973530483907e-03
6.002819773582767672e-03
1.298011444497076255e-02
1.681081585653301791e-02
8.967107855973781641e-03
1.300209600309075973e-02
2.102110200716333574e-02
1.119339375465027916e-02
9.154393278156735744e-03
1.115113738338505481e-02
6.029868757208492816e-03
8.002580872073604759e-03
8.000376239880748960e-03
9.133616045974913764e-03
1.300298623277420206e-02
1.000038570937530728e-02
3.475557701396236442e-03
1.000691397274431141e-02
7.001490928633893711e-03
9.007187294554531640e-03
1.601837853432505968e-02
8.006643728485585143e-03
5.013400291489253195e-03
1.401436268790420304e-02
9.293740841608482545e-03
4.000152750902961213e-03
1.695948010763827229e-02
1.000360546317541344e-02
3.000902695934982121e-03
5.986105098964179111e-03
1.000597615745984180e-02
1.318811094471410324e-02
6.155076278010431293e-03
8.070383770615620345e-03
9.999522495290846802e-03
1.100206089860080935e-02
8.006564436121337697e-03
1.399849316673788466e-02
8.005708230119446336e-03
1.119542700803955251e-02
9.998764207723833189e-03
4.005586773732968536e-03
6.032338811532668259e-03
7.163350843407322033e-03
5.004947845731811881e-03
8.001180340304326483e-03
5.000552685204539063e-03
8.999820126669649117e-03
1.000230621237175287e-02
8.003359119628373000e-03
1.201380012263550574e-02
1.301201869473268824e-02
9.073522059479210283e-03
9.306233444447479380e-03
5.092127783559559362e-03
1.000764758720262479e-02
1.000122116991237348e-02
1.200069962558396840e-02
6.133090649213317549e-03
1.346009866739168032e-02
4.005915560563936065e-03
7.012613119715915139e-03
1.201763631120325061e-02
7.065117932889900844e-03
9.001547449761443734e-03
1.103085943768675192e-02
8.000924710004264986e-03
9.053009240635595534e-03
6.001403311762474983e-03
1.000342969695157749e-02
9.157071174772617519e-03
5.026700041080606196e-03
1.632972205066708302e-02
7.003599864617284128e-03
4.003342657197532517e-03
1.201004295739644540e-02
1.238970949490194630e-02
1.129969753604161999e-02
6.648399311761692132e-03
5.373415400487060491e-03
9.190437302584335277e-03
1.300169014498728411e-02
4.340414631159091041e-03
8.005208556395700115e-03
1.309829735028473358e-02
1.009559663161430608e-02
9.253922180948094545e-03
1.083700399350825787e-02
3.028197474513068862e-03
1.901678973108599652e-02
7.000149815709833662e-03
1.200343416047121477e-02
4.005516543255336313e-03
7.002240649492887277e-03
1.100021896668358992e-02
9.872882437789744919e-03
8.000771854314091963e-03
7.000147783741778040e-03
1.100621788252058135e-02
4.005328827892513932e-03
1.646623440745888581e-02
6.049925242656389174e-03
6.165592719993025390e-03
1.100079368601866552e-02
5.994432716567439992e-03
1.000244073789686994e-02
1.400346934796847971e-02
7.998867457750680893e-03
1.100773924176570023e-02
5.135779872415328386e-03
9.997954994478780444e-03
6.019558954883118262e-03
9.039402373363659635e-03
1.300472836173170721e-02
8.022938806439299311e-03
1.100051301057897168e-02
1.305154023129894564e-02
4.618062785573722427e-03
1.301787855471400225e-02
3.001930890782048261e-03
1.000877952412113255e-02
7.999000401349770292e-03
5.920387373190574842e-03
6.852859826902703635e-03
6.000628203587429071e-03
1.300250188383839968e-02
1.401228248784896352e-02
1.297615282927586794e-02
5.000423381729718515e-03
9.001327745037521200e-03
1.011943865368072383e-02
8.003141956215735139e-03
8.015318877626683575e-03
1.102455883556700995e-02
1.199663841142781066e-02
7.028029306191961416e-03
7.980740995459362566e-03
1.098712410057328150e-02
1.505393803136954867e-02
9.037554831472229336e-03
4.028309381524444732e-03
1.300174656328159477e-02
1.498502698872551490e-02
6.017613990065035813e-03
5.002473712006899956e-03
9.001050588588013421e-03
1.503111171756890165e-02
1.496762529561168967e-02
8.026420191944981866e-03
6.901443662540344796e-03
1.484749745481570536e-02
1.400483529272406914e-02
1.302487561011707144e-02
5.998437128005064574e-03
1.007040252229723584e-02
1.200045160232777498e-02
4.000419231173160325e-03
1.099777943361814232e-02
1.300650078169801951e-02
1.600081491815119952e-02
1.200081200607381292e-02
1.201150710005199733e-02
1.500064858633201603e-02
7.001651983333899779e-03
4.615590771020514939e-03
5.002300582375556089e-03
6.994445600956428893e-03
9.000376853191298029e-03
5.921984440851945156e-03
1.399969039736101081e-02
1.099940827801190561e-02
8.000550117577430800e-03
8.962479728542810040e-03
7.011523051602932405e-03
1.300099718143753365e-02
1.400919251179833652e-02
1.100580560794139733e-02
1.202123340951662470e-02
1.301186887108917584e-02
4.394681646425038606e-03
3.006468765383385998e-03
1.200809282198489134e-02
1.502442873579094493e-02
1.095620093710054921e-02
8.001481753560468757e-03
1.600145312851903798e-02
7.000405689326384510e-03
1.028347130842755495e-02
8.034675892487359861e-03
5.002228589562076298e-03
4.170376967856580415e-03
1.158905877964162140e-02
1.100104244072808157e-02
7.000995037844207243e-03
1.300042420156081666e-02
1.402811038654196499e-02
1.500073666351793740e-02
1.003327546108792948e-02
1.400390319437025584e-02
1.098821186761614853e-02
1.199614409910262219e-02
7.007600003585990993e-03
1.100900840170941815e-02
4.937348542714964372e-03
1.400028901698602626e-02
8.947426346000179539e-03
9.008702545271560919e-03
1.400142428614103464e-02
1.689976483783643332e-02
4.006057290796293663e-03
8.005298143406296488e-03
1.500111151864220657e-02
1.403348091579130139e-02
7.009889711173025902e-03
1.100243643100232670e-02
1.098781405150266351e-02
6.001619116141530125e-03
1.399118049534926918e-02
1.294458696277885935e-02
8.003503811183363889e-03
7.987480051094201713e-03
4.035117591954028721e-03
9.260057652815107884e-03
8.999453322294717963e-03
1.200084529864927849e-02
1.200027237909647229e-02
1.087691746825627213e-02
1.201859409117217101e-02
9.001001218808745222e-03
9.043666068722835266e-03
1.200019512108170885e-02
9.542937310399415840e-03
8.286529586077395759e-03
1.299964517832131149e-02
9.003183022428345311e-03
1.300592726829344001e-02
1.199973178813242176e-02
2.715765215170163564e-03
8.017332777123914109e-03
9.001847762992383137e-03
1.400151840009484540e-02
1.209053544985260603e-02
5.000278298922864254e-03
1.180509366945383526e-02
1.300282136972307628e-02
1.399254301495751925e-02
1.000109376921824202e-02
7.010370007376762538e-03
1.600040633923289005e-02
6.002133425225823077e-03
1.406445546726099553e-02
1.101507288239089201e-02
9.000572389781179641e-03
1.480280596918745993e-02
5.498745194676752344e-03
5.934279744628965028e-03
9.000534755959847810e-03
1.000084691879815635e-02
1.300041071265086931e-02
1.741129493028844774e-02
1.195790161454824210e-02
1.298737220628396784e-02
9.046748676150333929e-03
9.008303605385183446e-03
1.200436005313015170e-02
1.082101015078284351e-02
1.959627238374858638e-02
8.512576147828514184e-03
9.001498552210900408e-03
1.372139300954240693e-02
6.002108179036028980e-03
6.161316924888797508e-03
9.125670018849249207e-03
1.200377524202081089e-02
1.295960744333044673e-02
1.400031111829893975e-02
1.100015057600003260e-02
1.000812452058287040e-02
7.652037176534700474e-03
1.197467727839642351e-02
1.300032463945829594e-02
7.006285580756789998e-03
1.311077402120489586e-02
1.000050037472667228e-02
6.705647016020901963e-03
1.205759342428107221e-02
9.207211806272290119e-03
1.201205460659042143e-02
7.806398059144086313e-03
1.099496704489710992e-02
1.200294769160995152e-02
9.883208963872468916e-03
1.200041829364701870e-02
1.221430741994739347e-02
1.001553567542499794e-02
1.212289255984460440e-02
8.999396380896513767e-03
8.976259285196979201e-03
5.068976567377913092e-03
1.397869926530587864e-02
8.089174485309495038e-03
1.700214977056277790e-02
1.000114307493028300e-02
8.797887677165513662e-03
1.300893358769510122e-02
1.599797854411061718e-02
8.001824252434584783e-03
1.110880960486059985e-02
1.455188854794924394e-02
1.100062464307917029e-02
1.500206009071839916e-02
1.700143655575276497e-02
1.100161745371426927e-02
2.000400559365172332e-02
2.297184760411949064e-02
1.200012699886878614e-02
9.000790988277461435e-03
1.601764191242780605e-02
1.200022047524246759e-02
1.100543476901060837e-02
1.000352098918015978e-02
1.186674250934329454e-02
1.100003281478968351e-02
9.000213223551729175e-03
8.003534377648214432e-03
5.001357746568293842e-03
9.002540917460322839e-03
6.996235678826594716e-03
5.413119702625401528e-03
1.100248533360566501e-02
1.100545075746796504e-02
1.101224133954678032e-02
1.209523964914369261e-02
1.206883751185334162e-02
8.096455344734817747e-03
9.009106639130305336e-03
1.500078194416123653e-02
1.004960811472716507e-02
1.098057739933837318e-02
8.889820129531060891e-03
6.005254238241363937e-03
1.201277822614749656e-02
1.009620970741282285e-02
1.299800725530947214e-02
8.000643391204598220e-03
7.002398857569313260e-03
4.000680889474152700e-03
8.974401449929243074e-03
9.926398724003525006e-03
1.186719594971791074e-02
1.131007531600254461e-02
7.998347796980609381e-03
1.099649662190261244e-02
6.000818747164692740e-03
1.200206803933745112e-02
7.001933485573002929e-03
8.000288756283599478e-03
8.017000008178719675e-03
1.300520401575955103e-02
1.300508683193998816e-02
1.312879371226487527e-02
1.003060117445570693e-02
6.004910465816020761e-03
4.007067100645167988e-03
6.001392333064425356e-03
1.000360900136115436e-02
1.003526312885884113e-02
7.998513334920770435e-03
9.004669703380928023e-03
1.082259466737475230e-02
1.510697103747563400e-02
1.000967765572345104e-02
1.290309338413296765e-02
1.292027295920513547e-02
1.298223562221977392e-02
1.404709762967181440e-02
9.218164129836911233e-03
1.400924343389878778e-02
1.203650383238402330e-02
1.300732407388444090e-02
1.000736766290820541e-02
6.390888756308696177e-03
1.100110726969445209e-02
9.000221443683519701e-03
1.116470615657944726e-02
6.001816016593307553e-03
9.003177962202372694e-03
8.002601362856100881e-03
9.954705436321330952e-03
7.982267622338830998e-03
8.553951366007433305e-03
8.043774677307559060e-03
5.004959568375725622e-03
5.191695545212312440e-03
1.096925925490654236e-02
5.999775276190987341e-03
1.882826850155927892e-02
7.001473150894162861e-03
6.120708546070206292e-03
1.500162017989784685e-02
1.331418542605212856e-02
8.826578030171802411e-03
1.300000669334661595e-02
9.831042319666229157e-03
7.000826230898291730e-03
1.998703163949021311e-02
1.002339350915036620e-02
1.326837614590513012e-02
1.400643066435194352e-02
7.326690087816311800e-03
