1.182959589883100966e-02
3.832091449633011088e-03
1.659832402629059841e-03
6.462256742239873286e-03
1.280532156451775691e-02
4.942058214029716300e-04
7.946514437837023589e-03
3.048433906444007226e-03
4.270101085413854913e-03
5.271772654000349626e-03
1.163810541471790166e-02
9.647150748283837840e-03
7.229798252733319469e-03
1.489097432504530097e-02
-7.272425435392910640e-04
3.756711721040970238e-03
-1.235702727747084581e-03
7.349765015921343961e-04
1.638967096504659673e-02
1.069786505712881641e-02
2.760173979197447919e-02
2.440597740945361915e-02
1.975050339115342474e-02
2.435608971958559341e-02
1.613330400471931977e-02
8.534074221632569068e-03
7.311843765509986291e-03
1.776126515672513465e-02
1.400139372710448513e-02
2.558888739200732010e-02
2.271167920872374166e-02
2.842742051955981369e-02
1.515614052455828940e-02
2.136880033023428119e-02
1.473470891833605217e-02
3.250086412733103891e-02
4.257290000996778040e-02
4.891929578351148639e-02
3.997355599415190752e-02
3.064352765516722282e-02
1.000546854968525738e-02
1.432921550520247639e-02
2.028145798441647728e-03
2.932623409932727174e-02
2.206221358775569547e-02
1.225336616383858671e-02
1.598147496986986049e-02
1.052243718313342416e-02
-4.648801405098232885e-03
8.815683729793501178e-03
4.801299151467919128e-03
6.159928832793580902e-03
1.774353017082169748e-02
1.959751970109354854e-02
1.697067379159709899e-02
1.901987605550420346e-02
2.997085962754225674e-02
8.367549261372470709e-03
1.579032907424725643e-02
1.238053558933793936e-02
8.991048943733818272e-03
4.112118591503660832e-03
2.231399468965853186e-02
2.614328841361867120e-02
9.499062529947711539e-03
1.074032364340981108e-02
1.806067961885777715e-02
1.184432718631049652e-02
1.277313326904370300e-02
2.502995458137389356e-02
2.324801159195765202e-02
3.290923037890501612e-02
2.494498946799763098e-02
2.098392463605318337e-02
2.370094950569312867e-02
1.353155640514187852e-02
2.291301696644673300e-02
2.448791530572348718e-02
2.457510024945546573e-02
2.373045532780912459e-02
2.230135360753256885e-02
3.809699854810921077e-02
1.430690783564180640e-02
1.142031925668171403e-02
2.746566625503664080e-02
1.610665555752342076e-02
2.384990538691001555e-02
2.469075514483523234e-02
2.061264344439857343e-02
9.598228665493492226e-03
3.534013326937159027e-02
7.717406504290361645e-03
2.829360503914414224e-02
3.571073238551151358e-02
2.990625513335075022e-02
1.844932247444497353e-02
1.892171521551884103e-02
2.505335715495135562e-02
1.513994182232224900e-02
2.704565967648062119e-02
2.649823335310002095e-02
1.474351346724839772e-02
1.836032703520816198e-02
1.122993300679780461e-02
2.072255788390001824e-02
1.984672433657084720e-02
4.239362976712875847e-02
3.971798965864111602e-02
2.816549564798553548e-02
2.934830309724328554e-02
3.160981401943648017e-02
1.914783567402163558e-02
1.385472122685574986e-02
2.923687774999650726e-02
1.424049081795677324e-02
3.598000830999421168e-02
4.017481791288417953e-02
4.021865430676101888e-02
3.829098660202862048e-02
3.370969781590794911e-02
2.784704350242767773e-02
2.774093694280451231e-02
3.497610203988146121e-02
3.906272956118344436e-02
4.797212195440958560e-02
3.189249893159291915e-02
2.600241426110621104e-02
3.253625976238962852e-02
3.527722543504423908e-02
3.813315544912201926e-02
1.884358823511573730e-02
2.372757124016227834e-02
2.527828614157585918e-02
2.779888197048737200e-02
2.667575050706683451e-02
4.122269459936762914e-02
3.612175171924431050e-02
2.891063823341556011e-02
4.581085010636946203e-02
3.237048134282247830e-02
1.933191031893483069e-02
3.195419075682579685e-02
4.863424074601899183e-02
4.866307048411393221e-02
4.439994287740199608e-02
4.429847762327488586e-02
3.149215439521654142e-02
3.563589346598541874e-02
5.081603443035764139e-02
3.067135025731443018e-02
3.888751258224421026e-02
3.443626855965104677e-02
3.467045534186425498e-02
5.723942985415647611e-02
4.091446853966367037e-02
2.511685129279457585e-02
2.712842285679248691e-02
3.393939605533796006e-02
4.482910631798586731e-02
3.604592976825968242e-02
5.207719259939529860e-02
3.221829292798743249e-02
5.816424169890155316e-02
3.131316954701419270e-02
3.583643271433718108e-02
3.182900105085437886e-02
4.754589575748808389e-02
3.943819275731821200e-02
3.040348944916338933e-02
4.539554312233147482e-02
4.083978252133361325e-02
3.882376626516382406e-02
3.507670765639022553e-02
5.037481955903756747e-02
3.446865920760713159e-02
4.497469959897169856e-02
3.893213090365157947e-02
4.058451665317524409e-02
4.397944841740490662e-02
4.107078375330167758e-02
5.867576405450258825e-02
4.688766911359254497e-02
6.719831511572810223e-02
6.444673224254671151e-02
4.258876699654973869e-02
4.954048639192044218e-02
4.235068292386556799e-02
3.349691447510347309e-02
4.590411408943679411e-02
3.599168171550011508e-02
3.602147589750281931e-02
3.182738627524145381e-02
4.904200648624516823e-02
4.713142278752656400e-02
5.042336192684825774e-02
6.108435930544001830e-02
4.507095369115357575e-02
5.478917089742875446e-02
4.616838854566888278e-02
4.068612978040707373e-02
3.921784260399343441e-02
6.176580724242303200e-02
6.162433274215502188e-02
5.316718024251626540e-02
5.298698326775732464e-02
5.151410522489547478e-02
4.189079754211764983e-02
5.815078093519242264e-02
4.791868360595800264e-02
3.502097994805451059e-02
3.790802251239742265e-02
4.542754416907875820e-02
6.144504470228632359e-02
4.890733705328888237e-02
4.792621430430424323e-02
4.289873907983855761e-02
5.498927602111364915e-02
3.903287401286828495e-02
4.839946768673853567e-02
3.833517407505315777e-02
5.913729654696679022e-02
5.297522371520446000e-02
5.307482303608496155e-02
5.406163148609553770e-02
6.608347827123527141e-02
5.185373048220837111e-02
5.694443516619707157e-02
6.198207278384242763e-02
5.260032190680540010e-02
5.471670021210445212e-02
6.435100869936305479e-02
5.916841414521006176e-02
4.220665110146162857e-02
5.539421492054275725e-02
7.314461176289134559e-02
5.526430914923385895e-02
6.231824670004417616e-02
5.819524395872278932e-02
5.395510310202494830e-02
5.211587279837982117e-02
6.923436769915090883e-02
4.917094508605291542e-02
5.841768454032407465e-02
6.258168166941410759e-02
5.788596180193378987e-02
4.748291205567026912e-02
6.103319167617374946e-02
7.131095613257257271e-02
6.716666738311466434e-02
7.222696856127217013e-02
6.007643599577890126e-02
5.870419161012299658e-02
6.529285888787975112e-02
7.001579489316915594e-02
6.299378523905418970e-02
5.147432289614180256e-02
4.884856260955827006e-02
7.680560984977324868e-02
5.746949974034258612e-02
7.118219461331844189e-02
5.993068004766434476e-02
6.232522689713255321e-02
6.803031176845497630e-02
4.750891340408258667e-02
5.284543843825072196e-02
4.809660017676073429e-02
5.753412332241898686e-02
6.891340930190166525e-02
5.413731064135878651e-02
6.475769132605610490e-02
7.280891915753509580e-02
6.336349193745074992e-02
6.850130685181503309e-02
1.005882531991072887e-01
5.366099704478833471e-02
6.649444035821619470e-02
6.390592045308632341e-02
6.278275434918266507e-02
7.366914037723847064e-02
5.544908907046457169e-02
5.842473766712714262e-02
6.508346619317922910e-02
6.519229537758583493e-02
6.291457682851649136e-02
5.970136544959445124e-02
6.121191222238298729e-02
7.796633897409699365e-02
5.683713947610472689e-02
5.677349604240678610e-02
7.267703149815504804e-02
8.029865770018428106e-02
7.922011643309957718e-02
8.485089873469059407e-02
6.909392096998794031e-02
6.623322504009643286e-02
5.627635400708764363e-02
8.687095726125447503e-02
5.798046094761645508e-02
5.956753303938361332e-02
7.732627893208818270e-02
8.904226137161794230e-02
8.525827669129849851e-02
7.847935086100468749e-02
9.363696683992692171e-02
8.970170016498940635e-02
1.297568605465710678e-01
1.518416595646482070e-01
1.844240490218973516e-01
1.857529700990384613e-01
1.873938995139666497e-01
1.358950030378147100e-01
1.162433869204154840e-01
8.254607055404648841e-02
9.742638078722005990e-02
9.249862902193303760e-02
1.184127284214198106e-01
1.403553098647828956e-01
1.237060298011491422e-01
1.172603526787433792e-01
1.070742425962603467e-01
1.329263858426034395e-01
1.519237301105959004e-01
1.811759564346556162e-01
1.564230632644085794e-01
7.338254206209414432e-02
9.157478064497297232e-02
7.303922116817616883e-02
1.118619482449643154e-01
1.070446858102760829e-01
1.407735357278648014e-01
1.120708476498990941e-01
9.685434902793989276e-02
9.380611266378791058e-02
7.956197750357725529e-02
7.252726519171684427e-02
1.429522988891259172e-01
1.596579207236792364e-01
1.529803817079472827e-01
8.187290074207685675e-02
8.866877909375300848e-02
9.632630094110584962e-02
1.260057392868237092e-01
9.924951332114298475e-02
8.585967947595683769e-02
1.219652349245025219e-01
1.483643812299782760e-01
1.707851631354863342e-01
1.305687343736156580e-01
1.958916491055290865e-01
1.117262310517519869e-01
1.484527743651381515e-01
1.855167736201876194e-01
1.998629118958951956e-01
2.043748260511487336e-01
1.865588581379497013e-01
1.692056673781472398e-01
1.578219604772393980e-01
1.686151607885489623e-01
1.782961914213351262e-01
1.727205713357919947e-01
1.937597896822763066e-01
2.318099663768163343e-01
1.642574664687310726e-01
1.576590964499159364e-01
1.506297214804671880e-01
1.318530107488391778e-01
1.236640667570485103e-01
2.063196110822516915e-01
1.911867631103225107e-01
2.116243230443298762e-01
2.167954399188710135e-01
1.871965836348995493e-01
1.960571066552006803e-01
1.379825700537093691e-01
8.490421665274895668e-02
1.276895892864109705e-01
2.151118245170579313e-01
2.024068982670332306e-01
1.147474908415081346e-01
1.329938395705341503e-01
1.560215484407764808e-01
1.710228483571692160e-01
1.952219680125411305e-01
1.538665048769340682e-01
1.372078389856314085e-01
9.954032124081373112e-02
1.065433101677024375e-01
1.649413231275024261e-01
1.843270575919271348e-01
1.604477661243313702e-01
1.220486473585049303e-01
1.740157169306374985e-01
1.100392894869504090e-01
1.065479721329820328e-01
1.368241847356779783e-01
1.614441077878598363e-01
1.012854040169766101e-01
9.156989022357696351e-02
1.014108391211448745e-01
1.050669366856725045e-01
1.167878278394931246e-01
1.004247692884517734e-01
1.026700906699502397e-01
1.024525147252254020e-01
1.055612940327876753e-01
1.088961988843344803e-01
1.166023528150443439e-01
1.093018487471811157e-01
8.282977169653635285e-02
9.408106577606117904e-02
1.063093197837699788e-01
1.225477657770260298e-01
1.379801650973771499e-01
1.468200452363528086e-01
1.108936420059233874e-01
1.518196586298447281e-01
2.069069121699809721e-01
1.478083808873373872e-01
1.277253626867501379e-01
1.053849612638453198e-01
1.482589062954506320e-01
1.607082714288156633e-01
1.354151157640448577e-01
1.269808244429640742e-01
1.407377245305016511e-01
1.849240442943219376e-01
1.253383057367950526e-01
1.336245614384721225e-01
2.176214955599246603e-01
1.846859648131446430e-01
1.842274960564355413e-01
2.236403294388442653e-01
2.083612550274227260e-01
2.104225313697589694e-01
1.701183984399067817e-01
1.637553945714768366e-01
2.531834159010440954e-01
2.388716318095673030e-01
1.803676868207697293e-01
2.212613618253448655e-01
1.990572897320363188e-01
2.172044809565776557e-01
1.952351653082211869e-01
2.275354810680374207e-01
1.689532426212762284e-01
2.224907422993577244e-01
2.002039404238525333e-01
1.902800445113135563e-01
1.506454189920600206e-01
1.735119574393594877e-01
1.340201876442403683e-01
1.160237036186845538e-01
1.293985674503765892e-01
1.663262582938201395e-01
1.790059667631770657e-01
1.558509747479723262e-01
1.807190098700054148e-01
1.276823108294571629e-01
2.050566578387840178e-01
2.276633164561808476e-01
2.459246148386509123e-01
1.983783051096554562e-01
2.444275578436176932e-01
1.952108203144543308e-01
2.476206460141721910e-01
2.485225385316849889e-01
2.155100310461441626e-01
2.345166320240254509e-01
1.998475213712203324e-01
2.214903451306143023e-01
2.216850423877832765e-01
2.168815882168576570e-01
2.352679162672789148e-01
2.034370110410853028e-01
1.348595574064745672e-01
1.857372425298145224e-01
1.366729552607688913e-01
1.295027498228936702e-01
1.383984920029315002e-01
2.131718843181489853e-01
1.798061154351423552e-01
1.938286162941648405e-01
1.739307307502764022e-01
1.959776393895915070e-01
1.940639543052829763e-01
1.954737201638997723e-01
1.693257432365249393e-01
2.043821573273088554e-01
2.287501914718750862e-01
2.431619623188714663e-01
2.310806250803006112e-01
1.676358710229422233e-01
1.567369824071070950e-01
1.657919254678483223e-01
1.822858773464342830e-01
1.807492531982730077e-01
1.225419587710452618e-01
1.469530455029090799e-01
1.441169384660027919e-01
2.106598047120332995e-01
1.742197402751983482e-01
1.782516503133057262e-01
1.530179334099438793e-01
1.521465667759722695e-01
1.704588668281879216e-01
1.905187880524223387e-01
2.025150335528622947e-01
2.155842379853166457e-01
1.724261485992538701e-01
1.625259260320909283e-01
2.454853486137238694e-01
1.737728678506124946e-01
1.959718981158010132e-01
1.807819610956419298e-01
1.780425356974208451e-01
1.374463176863831015e-01
1.446219612983868918e-01
1.260446978225304715e-01
1.407610759839221515e-01
1.266334373672628466e-01
1.510773072175186915e-01
2.080995022885788193e-01
1.577071993099454228e-01
1.558141517674810905e-01
1.300251961616547824e-01
1.418406123712601663e-01
2.006872894863698242e-01
2.122182282232557282e-01
1.960075288577307895e-01
1.981419327328095004e-01
2.063244727089940111e-01
1.923483600513183345e-01
1.852045437727548594e-01
1.466836784996544407e-01
1.760364855285065644e-01
1.973312263268980071e-01
1.473096350761117501e-01
1.408471039288301252e-01
2.049980172441776549e-01
1.784158580148660633e-01
2.058519681462153139e-01
2.521907654806489485e-01
1.424955176242992949e-01
1.714450393807576967e-01
1.350481963910535876e-01
1.923213938002919787e-01
1.822642582733417504e-01
1.727850210455628976e-01
2.007365142847477579e-01
1.946961197833796675e-01
2.735097526421179648e-01
1.911617011644823616e-01
1.471835175139811769e-01
1.816393249611998328e-01
2.556694638172944400e-01
2.676562526511059303e-01
2.588133920765264273e-01
2.651639578862871049e-01
2.581245869444401819e-01
2.447701284989771131e-01
2.851135985269477868e-01
2.497269053257466509e-01
2.553320583361052831e-01
2.276429408673665555e-01
2.422410158948091197e-01
2.865790651868986294e-01
2.586015426079684154e-01
2.545919936738306744e-01
1.482203222636221951e-01
1.355023682170637400e-01
1.475669868112151062e-01
1.758827027225859929e-01
1.151984956576559138e-01
1.324587197771266434e-01
1.683578270075485883e-01
1.635765110773553799e-01
1.548840711249608593e-01
1.574510538500760171e-01
1.641160138494333065e-01
1.639173291117466402e-01
1.569097236614847291e-01
1.405960710613098630e-01
1.271206175814750539e-01
1.200116924725578155e-01
1.442587075866713087e-01
1.743081427781107973e-01
1.550133320905762446e-01
1.340401763753707454e-01
1.530124276870271360e-01
1.536633443793515574e-01
1.874001485102422260e-01
1.381178408012269376e-01
1.692595559997256138e-01
1.518374520366567448e-01
1.511712671602724600e-01
1.653177272903901540e-01
1.315929895841713437e-01
1.337172631500645748e-01
1.423403258241687230e-01
1.517825762587380611e-01
1.310564279434524582e-01
1.252847698569834745e-01
1.641656671142925628e-01
1.765824554341862140e-01
1.616962351866975955e-01
1.605164722334327110e-01
1.512052228153821509e-01
1.505730043832963772e-01
1.276087078375746919e-01
1.625511271229695964e-01
1.336110602092599742e-01
1.603292581804372507e-01
1.258981453669632544e-01
1.448140319048445701e-01
1.415357187061858091e-01
1.432691206169624809e-01
1.673506344639743293e-01
1.407399168100848252e-01
1.594028312146148485e-01
1.600453777388325116e-01
1.911700154509957950e-01
1.417125278656524434e-01
1.630683734816936181e-01
1.612110471062026540e-01
1.553050176610180078e-01
1.674782201443141549e-01
1.440158782028440054e-01
1.330509756458212456e-01
1.462524366423649247e-01
1.671136948187328108e-01
1.481891026023589297e-01
1.220357173964263242e-01
1.515790560581234958e-01
1.734658796971806360e-01
1.501322054949497109e-01
1.617742645124294609e-01
1.618317761255662623e-01
1.473260519275636227e-01
1.752556367005922155e-01
1.462139068663553532e-01
1.224657874755030879e-01
1.400683884962199699e-01
1.428354830414269305e-01
1.911921608814911577e-01
1.560201911562752453e-01
1.708525171747497517e-01
1.385184309814859738e-01
1.263752573499832277e-01
1.600485115098496114e-01
1.651016603988343656e-01
1.858899203927164567e-01
1.451929027189392263e-01
1.664256954928163557e-01
1.838128270658812291e-01
1.364509589522825139e-01
1.605011689556852805e-01
1.566640392525475434e-01
2.477352852853944853e-01
1.701487071329820244e-01
1.312036971764211912e-01
1.622837745061700976e-01
1.667480226835264256e-01
1.691577786391575411e-01
1.984151479192700351e-01
1.622420158883208230e-01
1.424456725854148509e-01
1.542583005448526778e-01
2.031199073858374615e-01
2.032293107838527013e-01
1.767123719584060559e-01
1.810060475150214732e-01
2.196032819304928052e-01
2.903451159083698663e-01
2.593931657399707325e-01
2.588183118370493974e-01
2.390049819524256713e-01
2.741318202807072613e-01
3.166900969992683113e-01
3.048678982674093429e-01
1.864019658547834135e-01
2.189980077243310619e-01
2.030452998619010352e-01
2.557494818864157193e-01
2.130488629091435993e-01
2.164260977736661706e-01
2.843892910997181667e-01
2.892267082822851942e-01
2.934242063640787324e-01
2.880155240367998637e-01
2.792277194216027936e-01
3.232809288041584295e-01
2.377426374366853612e-01
2.950775407507965076e-01
2.910278568893581719e-01
3.286996439094396760e-01
2.896936401337603106e-01
2.198219501139108412e-01
2.013242291974218778e-01
2.383847952945977455e-01
1.950132786386971351e-01
2.351925038416805558e-01
2.551187531092429794e-01
2.909626097558974389e-01
2.744354551851941881e-01
2.713634755205843740e-01
2.422541375845916056e-01
1.986914599085619904e-01
1.826154671551805386e-01
1.856128378712938454e-01
2.786500167341385281e-01
3.008344086567468767e-01
2.786559652383401309e-01
1.899047071670069697e-01
1.703345085525718172e-01
2.234551888201177783e-01
2.665223868613689762e-01
2.698141852661690709e-01
2.363627430911016680e-01
2.966161066097398602e-01
3.211321739673020370e-01
2.555318237464297981e-01
2.881691016234308456e-01
2.533205551257147747e-01
2.268304932716882771e-01
3.044033280323382717e-01
2.633609016062332664e-01
2.399656612837502700e-01
2.839527136711669786e-01
2.896081958064710693e-01
2.355800206813981057e-01
2.264660256513689462e-01
2.810544641489592377e-01
2.810099557244096768e-01
2.959179038748206425e-01
2.080170123554763995e-01
2.915888360682701852e-01
2.995402513204249439e-01
2.883148031164661784e-01
3.141333655739583786e-01
2.509764403536646205e-01
3.365691365250971234e-01
3.005387912934688321e-01
3.633070541237145568e-01
3.400081306682839477e-01
3.324300008161152342e-01
2.863601407319384951e-01
3.171149682274952974e-01
3.411176708468171004e-01
2.149230506449684441e-01
1.982219461714383735e-01
1.720442254204406218e-01
1.714444241140361258e-01
1.569043782601752257e-01
1.944406678131977984e-01
2.286560431798140003e-01
2.166896050735159229e-01
3.184958968810066571e-01
2.192313931824255713e-01
2.264620636190032843e-01
2.018297537285067833e-01
1.936329557384560973e-01
1.819551239938772547e-01
2.024278479827539279e-01
1.776641860619235513e-01
2.205555430241275539e-01
2.765763291968584836e-01
2.306702250521878439e-01
2.281628755669933839e-01
1.890311624297895954e-01
1.630454042791556202e-01
1.731909600495814827e-01
1.929635597753596998e-01
1.742738949188354092e-01
1.958480896346955213e-01
1.815173235816560093e-01
1.416309542055745052e-01
1.567244021319837699e-01
1.725209995841298360e-01
1.811199975103793547e-01
1.957915584746968696e-01
1.899315336551498923e-01
1.789565025940768883e-01
1.629179700895861116e-01
1.511331825750812097e-01
2.020370713819534536e-01
1.913553975530321027e-01
1.867710814253565887e-01
1.940372200433533034e-01
2.120617043857143946e-01
2.371030925323458216e-01
2.084240811384104886e-01
2.504022274284746774e-01
2.103905130614920349e-01
2.192879104235612164e-01
1.941731301148400257e-01
1.769507246176356963e-01
1.922862164907917781e-01
1.759183526233418504e-01
2.054495699941221443e-01
1.895825916971115854e-01
1.693914085541544101e-01
1.962678047370375045e-01
1.777335824784189444e-01
1.852031160500027251e-01
1.793781122562492780e-01
1.823910431686928124e-01
1.837488546172248993e-01
1.449294618872656870e-01
1.882854315044582005e-01
1.882482180957623652e-01
1.546855535444692231e-01
2.065419602147948175e-01
2.060497617509033375e-01
1.934076665744311196e-01
2.169264494459331172e-01
2.132901347908884027e-01
2.188928208485439175e-01
2.080343886405586484e-01
1.851909244419144007e-01
1.730551681923646890e-01
1.792004268289415225e-01
2.154645599599617489e-01
2.155441268167131996e-01
1.948340550650818903e-01
2.098512451109043886e-01
1.956712789690334409e-01
1.641416175201484973e-01
1.723264869745127770e-01
1.888596044317870093e-01
2.055034291898651388e-01
1.918195080375555694e-01
1.772350862516283709e-01
2.106608207738043248e-01
2.051269694897542295e-01
2.222510416769880870e-01
2.009999994236231213e-01
1.633280135894298879e-01
1.637648954295147508e-01
2.066236471468577141e-01
2.250321697818949140e-01
2.238888320015490485e-01
2.136922855652958753e-01
1.858382365146359350e-01
1.750776180141402349e-01
2.332638344463575375e-01
2.114192879108905687e-01
1.915078808638714658e-01
2.131488450263986090e-01
1.837423689645466540e-01
2.349574210496036542e-01
2.059795048359385206e-01
2.126695137453438189e-01
2.537620257808050339e-01
2.465292155373130512e-01
2.413203949388397496e-01
1.763940925980605479e-01
2.384484879140864044e-01
1.706246991584986494e-01
1.987258476407106900e-01
2.260387979465514896e-01
2.244708548802083758e-01
1.853612490819583625e-01
2.350926199770781988e-01
2.547913032652982523e-01
2.931519884922666463e-01
2.456507602766928033e-01
2.585080064356170548e-01
3.108701537220904254e-01
2.583235560867788716e-01
2.293603044352581777e-01
1.761502054338594248e-01
2.019686918174713186e-01
2.124328561510340774e-01
2.284052636277811299e-01
2.388605479389227237e-01
2.673441216287156252e-01
2.859050340442768623e-01
2.075237639552960367e-01
1.647231814150790230e-01
1.831974526472876230e-01
1.662540676599480183e-01
1.659863705199272066e-01
2.146446425980666206e-01
2.591153162745817862e-01
2.613270259748263769e-01
2.763895858917063131e-01
3.086140171267475751e-01
2.302677886480543334e-01
1.932817181445871668e-01
2.212097452061297376e-01
1.791983899884256048e-01
2.236326652390235314e-01
2.184205052296688820e-01
1.809475060430476567e-01
1.953922438037583309e-01
1.908595008521834779e-01
1.802406585823202179e-01
1.865245233230523048e-01
1.937080952484578622e-01
2.122801068560271343e-01
2.148571258957009122e-01
2.072723504112348736e-01
2.144690626935598643e-01
2.160360933220171753e-01
2.222777411597432196e-01
2.514853966192798773e-01
3.023956871430847904e-01
2.660959478640922415e-01
2.367869929043307231e-01
2.144052517687866088e-01
2.381535077146368362e-01
2.423478117047405400e-01
1.773434946820604541e-01
2.172828097127321723e-01
2.232899527441778442e-01
1.787376716025763090e-01
2.124913487871774032e-01
2.016254679992116883e-01
1.946838244442006816e-01
2.294920720709940354e-01
2.139430177689675416e-01
2.194967475342483321e-01
2.155623987895582960e-01
1.975078259792418245e-01
1.823678298711810808e-01
2.131364473525219072e-01
2.488143938829122104e-01
2.746097848471835134e-01
2.508699390840288257e-01
2.571211716385069512e-01
2.392828254358847218e-01
2.143908515019228578e-01
2.087472866850371145e-01
1.867653800889141624e-01
1.946299259734226572e-01
2.249899668508635320e-01
2.190115933035994833e-01
2.005637933334335488e-01
2.524415018173114533e-01
2.506249256955617177e-01
2.399952754919466302e-01
2.595439008123874847e-01
2.089578356597708020e-01
2.182148772818508220e-01
2.638944835368210451e-01
2.172855005577249421e-01
1.877679203347836778e-01
2.513489558876496055e-01
2.200407220130698727e-01
2.079084278916716044e-01
1.816235839086721149e-01
2.453416335907115109e-01
1.990770718019632124e-01
2.449459964847065796e-01
2.164541951930704367e-01
2.353193340719143545e-01
2.242382707978127776e-01
2.419437441628149721e-01
2.442068319342221849e-01
2.027521986731843362e-01
1.970453801438312169e-01
2.159642528234091141e-01
1.914382315750628449e-01
2.087326319220950133e-01
2.219448980614962541e-01
3.718538568146069201e-01
3.301653699707883804e-01
3.455107932109121593e-01
2.778336198747445307e-01
3.062749331703335520e-01
3.300386898263596436e-01
3.140890786224803111e-01
3.056071189070918015e-01
2.390750653794377067e-01
2.335469670519366159e-01
2.628887881828183559e-01
2.794962583781035459e-01
2.931011454422304818e-01
2.358169195341282831e-01
2.613528187222878829e-01
2.862831514693337520e-01
2.661883576533385920e-01
2.646078315210039222e-01
2.598624349962952995e-01
2.320625138425148060e-01
2.879206749014775468e-01
2.582659361688952604e-01
2.144996304686736521e-01
2.692090645531369786e-01
1.964980109769181027e-01
2.408470278228252159e-01
2.714258942370518235e-01
2.635988464876129478e-01
2.867547047430281659e-01
2.623661139279732657e-01
2.670588298549176898e-01
2.761877511440496424e-01
2.510927425967325877e-01
2.303229831765581936e-01
2.157212192085113944e-01
2.440776061776588068e-01
