1.108719326063221378e-01
2.825980626019647390e-01
5.628292351137578198e-01
7.979447546164050165e-01
9.210990957795668344e-01
9.529418522770022326e-01
8.947286654472140777e-01
7.161532394107685828e-01
4.981910185384994527e-01
3.145839219498568484e-01
1.842685724619448906e-01
1.785663268512664437e-01
2.374322797804823693e-01
3.630302664098734589e-01
5.470987628789150126e-01
5.906776349322051534e-01
7.000575929158027177e-01
7.026403799665644767e-01
6.793718771115534460e-01
6.123490842273380252e-01
5.372479741709594858e-01
5.326928691668316729e-01
4.462923230286305332e-01
4.826564788154806829e-01
4.752525625696245593e-01
5.185178324111708870e-01
5.083295913136026689e-01
4.687814134394063803e-01
4.188639765903842127e-01
3.169235060251951452e-01
3.324002133965691663e-01
3.021662598308572645e-01
4.713228932060516962e-01
5.982173398930140662e-01
7.003721827875961647e-01
7.427275170786112879e-01
7.584640687822253868e-01
7.538375580398291032e-01
5.480225333798861564e-01
4.756334641232398686e-01
2.814472133382580621e-01
1.483551354452095628e-01
1.350842709892114413e-01
1.865385856164235578e-01
3.640622136938319042e-01
5.199470543793504040e-01
7.293759273177192748e-01
8.488870952892649813e-01
9.003672304601476606e-01
8.057281302408442203e-01
6.725085015070584316e-01
4.478456966428087660e-01
3.175221396899323145e-01
2.103034221333457132e-01
1.874554780617582184e-01
2.415845312711063508e-01
3.349858373618948559e-01
5.248119789235433652e-01
6.189029996639221487e-01
7.655185362401879523e-01
7.758017423841415683e-01
6.936028804967537820e-01
6.176194700136373728e-01
4.621273513275842570e-01
4.317135237879374254e-01
3.917279996320851554e-01
3.913232629328315948e-01
3.580585157272130337e-01
4.040879422691027734e-01
5.046232574247193625e-01
5.405694721131294456e-01
5.087841116222419080e-01
5.760937384500746106e-01
5.061125996510006386e-01
5.202039927999674296e-01
5.234802729697027868e-01
5.053233244586652351e-01
5.498098608016060984e-01
5.872699220799584285e-01
6.155939335646937183e-01
6.055518418863543584e-01
5.344674241619514765e-01
4.581807297619157060e-01
3.826896903595314869e-01
3.046481072076428487e-01
3.527861465149575437e-01
3.887051038727680208e-01
4.587086873127623199e-01
5.812185170009344093e-01
6.834026049894894594e-01
7.114074095123272823e-01
7.303823504936015620e-01
6.546926747995882589e-01
5.464080233976088552e-01
3.937500182513374858e-01
3.306892083945285887e-01
2.703277561379018867e-01
2.551538038601875447e-01
3.436018627050299035e-01
4.489628599111518681e-01
5.905644430505542219e-01
6.934742256323591647e-01
7.201484497603724000e-01
6.960590262659712701e-01
6.362300466651161779e-01
5.468497304223385314e-01
4.288367777473496290e-01
3.757808582858835900e-01
3.182568711158995645e-01
3.099488308135096570e-01
4.028967859607661128e-01
4.817620965578312542e-01
5.691781859779524444e-01
5.640636373977762075e-01
6.207356192739436063e-01
5.929619341975692626e-01
5.347262163121553336e-01
5.349729625345180928e-01
5.226168290962154295e-01
4.614336663858602527e-01
4.784014528343653594e-01
4.785389278471708363e-01
4.949918270485879623e-01
5.392248835997307532e-01
4.501229661633149859e-01
4.424435440962837807e-01
4.642460325350405426e-01
4.305284747067887330e-01
4.381061151954493416e-01
4.797159837658405701e-01
5.621159053242257286e-01
5.607962873001079984e-01
6.235837895510776274e-01
6.008536427784946232e-01
5.904991755753576932e-01
5.344220291377215215e-01
4.651211711198825483e-01
3.979468416609349690e-01
3.306830440504472945e-01
3.181587012173466289e-01
3.471527884901895455e-01
4.636545966211967351e-01
5.268516542441642470e-01
6.409843356701189210e-01
7.214516750254136301e-01
6.980632250381435533e-01
6.186937696440077961e-01
5.565736145988177119e-01
3.843619991724585017e-01
3.572473296726636494e-01
3.008467661797972759e-01
3.017972265304860180e-01
3.657489758788826650e-01
4.384004416065737098e-01
5.351941526640029423e-01
6.234971431500853090e-01
6.899722552642056916e-01
6.691525691671321718e-01
5.617965449100615904e-01
5.303668611945550060e-01
4.541048004084937695e-01
3.874625186982752489e-01
3.648458570199466511e-01
3.792181758734658459e-01
4.201515631717133159e-01
4.727379848378697735e-01
4.685384894594568639e-01
5.201724838395754835e-01
5.621720172624721235e-01
5.344989937444204475e-01
4.952235211669910875e-01
5.530075620641701217e-01
4.657098584955282061e-01
4.863281948393211596e-01
5.018004733870210510e-01
5.256103553767846881e-01
5.443200874350450080e-01
5.099585669708724955e-01
4.930409438985094428e-01
4.085318224982471547e-01
3.654483279474880497e-01
3.217818288483469402e-01
3.549939186229111310e-01
3.952330264292781559e-01
5.152855169690668813e-01
5.394960334361759147e-01
6.535427771636266314e-01
6.815298584158916428e-01
6.280375731146421447e-01
5.504995394518913399e-01
4.789694907786393174e-01
4.086438569448992975e-01
2.557747647496848575e-01
2.452975343865536617e-01
2.964354649434915445e-01
3.709074881776369681e-01
4.829542523234007234e-01
6.036613478654222487e-01
6.747563051590377281e-01
6.866132526576297357e-01
6.414913586068040630e-01
6.158260070996567359e-01
4.995780513744247364e-01
3.836098240852683916e-01
3.313796250172869606e-01
2.948936114400700914e-01
3.086881939809789088e-01
4.314146151025889941e-01
5.066679369415819645e-01
5.926672837424403761e-01
6.169528692266399439e-01
6.232252434519963691e-01
5.614777656358406199e-01
5.239828975128381083e-01
5.083867877083424469e-01
4.968834510299109941e-01
4.581624496366260568e-01
4.571972880650260196e-01
4.804937236618386232e-01
4.935231480312962105e-01
4.762544523850522626e-01
4.559762746924949095e-01
4.495900081659519598e-01
4.577464008030995291e-01
4.092179737640840864e-01
4.551160434517602660e-01
4.639893064774178733e-01
5.103758344701188054e-01
5.383657982816365539e-01
5.386648233995404711e-01
5.223691519103640379e-01
5.343281186860773246e-01
4.847151036020684867e-01
4.363873450433553569e-01
3.941032109327730071e-01
3.485656353929104112e-01
3.292811685582466286e-01
3.336379663170475629e-01
4.250102469355281354e-01
5.071994143399746191e-01
6.048923317477453709e-01
6.208958350835726003e-01
6.281792519435234201e-01
6.224082749079671295e-01
5.201591787483521578e-01
4.532689638036416779e-01
3.532602085941166092e-01
3.122164420727729928e-01
2.990361455606517782e-01
3.661666192239031448e-01
4.044598793226269473e-01
4.874961737052037614e-01
5.356349353404047386e-01
6.248533273619162332e-01
6.668875625970692722e-01
6.693748050435600616e-01
5.462517983407993993e-01
4.652086454265114135e-01
4.225259100026716452e-01
3.703385446844263407e-01
4.151546201841824213e-01
3.959732160671808887e-01
4.313068438312890329e-01
4.712059055495479432e-01
5.258478281355757344e-01
4.980106302127598195e-01
4.926440753469185641e-01
5.007400774327002146e-01
5.110785054257493965e-01
5.000161321470413256e-01
4.556958757953928907e-01
5.174424675994051537e-01
4.631238485606957167e-01
4.784869546443634714e-01
4.773735400659075978e-01
4.588569293222480305e-01
4.897875088478151340e-01
4.325187110800904899e-01
4.047464804299034657e-01
4.332122851353386039e-01
4.470415395894558608e-01
4.806642950056182473e-01
5.360244078481963825e-01
5.475620409740750150e-01
6.145305833376026872e-01
5.878439226719190946e-01
5.211801209766994125e-01
5.126660435852229414e-01
4.113211101595589114e-01
3.391367724503775993e-01
3.205455151107938216e-01
3.670691058067621637e-01
3.726723403967179826e-01
4.896375697124680793e-01
5.363556084570240134e-01
6.197364188854641576e-01
5.794824354888780116e-01
6.463181180405008774e-01
5.671327685443527944e-01
4.512692185159823954e-01
4.252087457400750004e-01
3.358511580479314196e-01
3.621923835878326225e-01
3.339790377592460335e-01
3.953377964279679579e-01
4.304587943923429139e-01
4.122374149799718501e-01
4.724655134204776563e-01
4.750510747715948612e-01
4.670596102175050279e-01
4.890735680358906379e-01
4.726756358447190554e-01
4.564765132702838235e-01
4.693133179506135955e-01
4.633216686220883451e-01
4.061600262262555772e-01
4.082429457747583923e-01
4.471735730104815509e-01
4.559305856792668643e-01
4.863557914474787580e-01
4.462049129888062682e-01
4.309553183943408139e-01
4.025210053216737305e-01
4.473271492698439045e-01
4.773124647768674511e-01
4.565238729920448879e-01
5.039402371226640032e-01
5.006964778949726247e-01
4.786455385143454366e-01
3.808396487251907714e-01
4.359071731431868879e-01
3.736781853644609575e-01
3.510642484116965334e-01
4.071649827808081490e-01
4.054563996820140237e-01
4.334745453273871618e-01
4.946778396791963184e-01
5.031578417850343099e-01
6.153949541232252018e-01
5.934862046809930014e-01
5.512184970907577641e-01
4.566956395397080981e-01
4.351832616320513991e-01
3.625444413930348775e-01
3.247661505102882873e-01
2.971585753883705938e-01
3.379082236621551716e-01
4.218953536848473740e-01
4.259910475222757342e-01
5.615469502366186028e-01
5.476527737761833770e-01
5.025116782322567310e-01
4.628497429921964446e-01
4.459966892068407684e-01
3.901430269699818765e-01
3.889600617786268533e-01
3.641787254883507297e-01
3.350924000068922215e-01
3.876148669366784594e-01
3.696990490018480235e-01
3.883661903861079789e-01
4.289795210642461942e-01
4.905887147829014472e-01
4.168304229536714534e-01
4.900798598384151217e-01
4.845095529542740032e-01
4.720814105344576794e-01
3.996639021065334640e-01
4.275173427977365104e-01
3.912339722735824199e-01
4.038070800965229967e-01
4.142393935806699123e-01
4.086148432143464904e-01
4.130181794145782459e-01
4.187954954989487888e-01
4.186350777172649917e-01
3.660839183766102511e-01
3.953803167328717172e-01
4.436517194598439962e-01
4.743558633021068283e-01
4.954952105528349082e-01
5.098508797269057924e-01
4.972385648221933074e-01
4.652365861765914712e-01
4.217130631464233170e-01
3.833798018376291528e-01
3.525881807415825464e-01
3.131346227583541864e-01
3.384013232144839622e-01
3.327765250280524389e-01
4.438359044309828083e-01
4.727524758798514748e-01
5.494301277229650671e-01
5.588961270789987168e-01
5.578942928210590679e-01
4.627302747506017999e-01
5.098265910995943839e-01
4.568501753192936166e-01
3.680860968259796473e-01
3.336120416853639026e-01
3.278848995827217117e-01
3.646771012565961922e-01
4.245804624845648245e-01
4.923425596516942115e-01
4.935041517671977518e-01
5.614549565556332666e-01
5.432423277344777812e-01
5.192602751569614927e-01
4.801883552826438639e-01
4.533323732922999172e-01
4.490266230178168727e-01
4.246955179002083192e-01
3.648959445146824354e-01
3.721307905063683252e-01
4.441148099510562330e-01
4.108424981089469630e-01
4.253884002592451252e-01
4.636100259150366387e-01
4.647393564819814471e-01
4.712125397450436792e-01
4.269825108324429852e-01
4.453774204277691773e-01
4.648941646996128663e-01
4.605009950799577312e-01
4.493528394693389605e-01
4.278080515311822873e-01
4.406244179594769328e-01
4.387894866639630020e-01
3.717315235901840209e-01
3.167892236318346488e-01
3.453711472231900670e-01
3.615134207485936058e-01
3.818624182334117156e-01
4.110808463718079175e-01
5.017154996036993220e-01
5.076060272249220962e-01
4.640389319724093076e-01
4.607657343954905671e-01
4.324492018614397582e-01
3.766925583276626854e-01
3.307201757959472022e-01
2.986909081120231457e-01
3.110875990383735190e-01
3.138475591655960351e-01
3.847558909728032717e-01
4.263011693763729681e-01
4.541489315707012420e-01
4.843290987013846305e-01
5.145954629739034614e-01
4.858123183684034951e-01
4.763218947198056274e-01
4.298099770698795008e-01
3.791259571488557745e-01
3.548580362515080244e-01
3.454454203187228289e-01
3.572836318314928650e-01
3.676655245012807049e-01
4.478459024708608127e-01
4.102473486691047833e-01
4.344167409062396623e-01
4.254159920869137745e-01
4.668201269218642535e-01
4.118152588641463829e-01
4.232028216516239283e-01
3.876466221022649705e-01
3.761473415686351074e-01
3.740377266998191619e-01
3.685815931458502615e-01
3.856205522801398056e-01
3.664833736887112003e-01
3.986231489584701193e-01
3.824225170176437927e-01
3.539242925153679997e-01
3.780518884400628776e-01
4.266049585816624190e-01
4.105349390013271482e-01
5.048718258617033161e-01
4.969171782570844798e-01
4.967537253545459275e-01
4.230451440257396167e-01
4.230630096866772605e-01
3.979633880560042858e-01
3.990184416216021046e-01
3.491656125861032356e-01
3.187284649294944705e-01
3.589435721519889655e-01
3.712233156255533295e-01
3.870699709077821682e-01
4.428943862195464654e-01
4.396346517080561012e-01
4.758366539156579367e-01
5.248866302604057177e-01
4.794793828196296515e-01
4.503238034138654089e-01
3.991047646698898665e-01
3.505610051146327844e-01
3.503711059014635310e-01
3.900081925976270347e-01
3.919866247982657925e-01
3.985802052403882301e-01
4.483925369409040296e-01
4.502748246801372423e-01
5.289561741040470499e-01
5.162231902236554815e-01
4.813324949121806084e-01
4.296123700380756194e-01
3.753339955978305942e-01
3.431752737156549271e-01
3.643313608673857673e-01
3.803248968949776709e-01
3.633118877364416854e-01
4.100130887118730305e-01
3.860589871363553915e-01
4.088948283341296008e-01
4.629126315395289959e-01
4.588610385824486437e-01
4.576714408604761752e-01
4.544948288147169779e-01
4.524260589661908138e-01
4.570728669925858134e-01
4.549014786164830015e-01
4.450696354379237163e-01
4.330233398792064370e-01
4.357188894134507717e-01
4.214422655756580594e-01
3.837916551594212633e-01
3.593266471206279511e-01
3.453368833989730047e-01
3.715238115255989904e-01
3.866104301316460323e-01
4.084333017153359835e-01
4.181923375814214916e-01
4.583045379530082397e-01
4.865048250005901687e-01
4.602637689120965825e-01
4.356762492356085481e-01
4.351711904310241463e-01
4.099878262618367186e-01
3.510097957679303438e-01
3.283612569547602611e-01
3.622710553222031615e-01
3.496266624157241543e-01
4.680809746127275739e-01
4.967479267146155952e-01
5.403120420169214011e-01
4.841430105931545658e-01
4.615135208101888153e-01
4.649742240795655124e-01
3.885663702210748749e-01
3.725236775149664004e-01
3.100818768171322293e-01
3.392428529365484335e-01
3.762217070883641101e-01
3.646966224609593521e-01
4.099644567607741430e-01
4.253439738114584423e-01
4.121666048751475020e-01
4.223335602614923801e-01
4.184186597779103733e-01
4.057108616885238828e-01
3.655178079237375588e-01
3.621466272037620060e-01
3.580266995554126641e-01
4.095707160799355040e-01
3.705067526346439988e-01
3.405647480769187774e-01
3.770798094932618083e-01
3.968858410895398925e-01
4.559430967169578741e-01
3.862384451918124961e-01
4.006441594950278517e-01
4.331076967647730647e-01
4.787227144046491412e-01
4.797183207657218507e-01
4.675693724398961026e-01
4.528533060492268003e-01
4.767707990217175396e-01
4.482810811554174824e-01
4.241661460655797855e-01
3.739987607321297314e-01
3.624800321925666924e-01
3.850284191460375816e-01
3.932322767275035491e-01
4.408566891379711583e-01
4.261487765941190387e-01
4.618317697984150039e-01
4.967826376386900167e-01
4.753104435544561190e-01
4.724015435549519526e-01
4.861229165146339071e-01
4.046992981914812604e-01
4.189883956537950871e-01
3.436705799594307886e-01
3.984845462437714980e-01
3.879963351824817774e-01
4.086135880319731739e-01
4.357042143266703360e-01
4.324973169894825165e-01
5.401296383541329682e-01
4.755539085118020703e-01
4.870209805435363748e-01
4.666608540456840815e-01
4.818623256984069791e-01
4.251474565796289351e-01
4.040464897928735533e-01
3.874006753893022847e-01
3.877535831250550902e-01
4.236296011430351616e-01
4.884572384179308169e-01
4.532164767646310599e-01
4.565451802309366536e-01
4.323396111397938557e-01
4.691247821097297432e-01
4.459234036577875981e-01
4.642588029873471744e-01
4.228703543384801922e-01
4.218283575322711032e-01
4.408504584848534358e-01
4.390805094254145446e-01
4.412619381368418359e-01
4.327364399912160264e-01
4.635637163040122188e-01
4.244556536643680489e-01
4.117836055458648503e-01
4.525359180227427336e-01
4.070324933724563388e-01
4.397676831623691940e-01
4.740500247855296001e-01
4.937556361760464529e-01
4.318370603526099916e-01
4.810296355669112511e-01
5.014655513185430902e-01
4.654970798129147713e-01
4.266461557588057119e-01
3.871159665552028617e-01
3.595528821730371583e-01
3.727804606054552772e-01
3.941149408118420627e-01
3.823577964729028555e-01
4.339135068197501610e-01
4.813319917540140325e-01
5.219025092516086373e-01
5.157991846525745716e-01
4.691538308410292402e-01
4.712942090191429290e-01
3.928851112534340606e-01
3.959618791092756052e-01
4.057179929784253125e-01
3.687253503876779526e-01
3.656146439899038425e-01
3.769312419840104567e-01
4.338722001533513728e-01
4.549161241815320444e-01
4.314065312678686537e-01
4.557010093039799425e-01
4.529824515802777785e-01
4.461502746946147124e-01
3.962770059038784876e-01
4.377501972169816624e-01
4.625373568668394442e-01
4.089667526230894579e-01
4.110362368052519200e-01
4.346295772684098946e-01
4.321987859178727520e-01
4.113547816228790288e-01
4.348186884754986492e-01
4.457970479534164587e-01
4.005842951287344467e-01
3.945340695665899844e-01
4.016126760027104448e-01
4.123486489902251639e-01
4.379954299107838289e-01
3.641851783310933732e-01
4.049046355101184047e-01
3.769497530395983786e-01
3.718262305164580783e-01
3.537998204675011915e-01
3.186692352882532497e-01
3.008252754982399524e-01
3.834031148436211067e-01
4.029677638624056257e-01
4.035449288562464321e-01
4.299969615121614352e-01
4.303947783791484683e-01
4.773230948641610794e-01
4.004288094027690925e-01
3.688283591883787516e-01
3.657797936268237793e-01
3.663237288550577619e-01
3.419754067080505999e-01
3.245350000414298219e-01
3.120676319541777488e-01
3.283222605969138286e-01
3.229596960613683176e-01
3.566568053254913218e-01
3.915792137537579820e-01
4.622434236432539922e-01
4.552626558816085245e-01
4.132034794908033271e-01
3.863021511357981330e-01
3.984448228140374249e-01
3.488951578001132647e-01
3.270517151077204088e-01
3.605358479109866399e-01
3.554274402912325215e-01
3.896689085277592612e-01
4.192247045444655318e-01
4.445945850306864400e-01
4.488451133453197905e-01
3.762187233065860670e-01
3.902810414067566236e-01
3.879928367402796230e-01
4.115617201272211978e-01
4.210403703939401554e-01
3.702980699101772188e-01
3.532776592439489383e-01
3.436791233166501258e-01
3.473024887605278277e-01
3.659039471078860961e-01
3.538087375405682966e-01
3.867648359096070854e-01
3.680271212163785388e-01
3.909264576970484795e-01
4.036027408854112597e-01
3.344148848080300551e-01
3.527480138648759200e-01
3.854900798234178194e-01
3.714998757194044043e-01
3.411088762105665695e-01
3.938604239006197605e-01
3.725999432097092390e-01
3.737970714699717090e-01
3.440845878970035243e-01
3.425831582580498025e-01
4.035774056398921950e-01
3.505502344831354922e-01
3.753867357460997645e-01
3.665060021547120739e-01
3.599455325431987207e-01
3.868283482989438027e-01
3.353763062949251528e-01
3.555745579615644525e-01
3.266417647115260059e-01
3.077936200308241665e-01
3.207208719184139190e-01
3.527156101418920109e-01
3.240528020640480178e-01
3.229160166815234212e-01
3.811001102022787967e-01
4.268232585404176938e-01
4.491248375519418801e-01
4.847755722781179055e-01
4.558294359185458555e-01
4.332108454384079876e-01
3.990444534216367467e-01
3.998866521909106853e-01
3.483480921780515716e-01
3.732750151960891327e-01
3.775935119049607658e-01
4.152813268712940986e-01
4.063265751724190467e-01
4.125728596277182247e-01
3.811727478045345285e-01
4.243579189003335306e-01
4.190935073517174092e-01
3.583060577990602735e-01
3.793697802713884015e-01
4.103557327189547022e-01
4.353009213508049480e-01
4.394047327008518411e-01
4.437152958896650734e-01
4.461530881337714693e-01
4.327051362551062041e-01
3.983491946442523912e-01
3.767070044301987775e-01
3.962442455636615013e-01
3.916674782877122563e-01
4.120799461645940909e-01
4.650156493961611903e-01
4.011811999574632082e-01
4.444016386989220746e-01
4.723967399196047356e-01
4.333950116524999951e-01
4.792961424875187837e-01
4.029595212655874281e-01
3.556418791215241182e-01
3.798188124288288114e-01
3.822995428153764808e-01
3.653221042242714156e-01
3.652833779208667919e-01
3.954439839594177664e-01
3.874917927902854498e-01
4.052406388307118745e-01
4.315230304030748809e-01
4.502034546787376246e-01
4.244908768312290470e-01
4.393790831726302470e-01
4.146342984148964073e-01
3.849408519453970112e-01
3.952839979111445468e-01
4.207739081248591528e-01
3.737589306033081149e-01
3.920309535740578721e-01
4.035440043283738398e-01
4.310664185186783293e-01
4.126131054747355087e-01
4.303438807986054715e-01
4.449039016073451092e-01
4.140792736329070856e-01
4.132257575109519743e-01
4.337835327664815721e-01
3.823356651602793366e-01
4.125062601262405315e-01
4.197007779953650930e-01
3.873271410684969163e-01
4.162761471752110531e-01
3.748483786381039407e-01
4.186391055759448032e-01
4.309495203774189598e-01
4.504121870949822637e-01
4.340198243728870531e-01
4.110602218171593436e-01
4.118005781470738813e-01
3.955931412955214777e-01
4.345641764224127401e-01
4.032845509056837141e-01
4.220992425391538183e-01
4.323460157500381151e-01
3.809814257749198352e-01
3.829770523241841640e-01
3.892253061578148099e-01
3.886712756614178477e-01
3.858490620238465008e-01
4.047549533225920926e-01
3.812037257248468425e-01
4.209000741423793435e-01
4.697396545701140735e-01
4.450742202887126853e-01
4.404390042949145601e-01
4.006243469578876226e-01
4.075228345704083321e-01
3.927480684958725710e-01
3.820049011417041007e-01
3.937111744066229546e-01
3.705843346732669019e-01
4.053580461541180235e-01
4.086787971270594566e-01
4.188835796004155010e-01
4.330814182647199084e-01
3.685226748817954090e-01
4.225204440558497643e-01
3.960775506785178535e-01
3.748107627386669805e-01
3.633989657361044179e-01
3.596296570816840954e-01
4.082785106606477976e-01
3.989959549984783971e-01
4.093861497121201176e-01
4.145970499802204556e-01
3.945835630099833735e-01
4.033369940641148843e-01
4.032062051393422442e-01
3.608132228766846028e-01
3.683340246976301025e-01
3.774230539569879972e-01
3.931313645029370640e-01
3.954991776419891636e-01
3.767155483130622540e-01
4.065809688551445533e-01
3.915437768702717536e-01
3.907937989351655261e-01
4.070703970937479821e-01
4.052625642224823577e-01
3.845177761831278240e-01
3.849607837466342275e-01
3.664544785921648451e-01
3.677947166755629604e-01
4.490925899650882736e-01
4.482539490158041207e-01
4.277967586716423520e-01
4.710998374739168160e-01
4.370737962879190919e-01
3.979001468537304853e-01
3.599245086251122716e-01
3.421416311569910884e-01
3.249666280921831296e-01
3.344598313892543362e-01
3.912249380875077454e-01
4.249183596155673426e-01
4.253620701819508798e-01
4.579495924046643185e-01
4.217705518204935555e-01
4.099511959253140936e-01
4.179489761493701550e-01
4.257958665714255408e-01
3.846787549718067578e-01
3.960804598389430775e-01
3.947145359849313362e-01
3.940428272670729593e-01
3.520008404558299109e-01
3.872383733567325570e-01
4.190564609230393311e-01
4.067847772193001754e-01
4.062925247064606560e-01
4.007913408546674439e-01
3.787711706054635030e-01
3.297458733514376794e-01
3.395218239251521775e-01
3.851837699539280013e-01
4.036363432230486437e-01
3.649380967843793289e-01
3.607498338490069956e-01
4.455161160022984013e-01
4.270590957666346443e-01
4.258244031297535037e-01
4.227830045598405251e-01
4.017599612756172500e-01
4.160783954600936196e-01
4.191451669008390835e-01
3.835994047995089917e-01
4.165654035218838702e-01
4.027626625268090343e-01
4.057405669416018767e-01
4.242185594441750807e-01
4.020380357427217333e-01
3.636530702077929167e-01
3.578773610379924475e-01
3.686557803937832167e-01
3.857701527690913235e-01
3.962610400401126998e-01
3.816428955593303973e-01
4.028715165760038963e-01
4.391937425791491711e-01
4.263422431425024084e-01
4.053325646689600603e-01
4.074754845594142361e-01
3.718514051596783498e-01
4.284560427509817582e-01
3.823187511512161074e-01
3.581352571353819680e-01
3.719969163209707053e-01
4.010346710264978687e-01
4.284957206922893058e-01
4.454613761692209351e-01
3.869505203904020640e-01
4.234803880599357639e-01
4.278657062670300215e-01
3.764463704741742300e-01
3.871930628366897498e-01
3.648545173172553224e-01
4.168267334362120713e-01
3.727617040866625375e-01
3.931951138972941684e-01
3.899497202095944526e-01
3.968890711229263735e-01
3.947030272335863010e-01
3.833986617321175072e-01
3.885257984943549792e-01
3.767176537009561677e-01
4.224529522598279851e-01
3.897181945699115246e-01
3.836522132480823521e-01
4.127371270573040318e-01
4.092804915691919954e-01
3.929074648988170049e-01
2.945407567763494994e-01
3.490393562878212341e-01
3.098499948384002556e-01
3.724018028597946839e-01
3.444497207319753285e-01
3.468354230165425767e-01
3.554884254787342157e-01
3.898615935661519649e-01
3.895851222622421228e-01
4.057069277087850256e-01
3.832953029307037962e-01
3.909520359904336551e-01
3.619111434931601701e-01
3.812044242407305883e-01
3.557361278791711379e-01
3.280043258660922945e-01
3.493103717866791746e-01
3.707846332214239093e-01
3.774336685630536037e-01
3.787912905287347809e-01
3.732637024248324775e-01
4.093335918333155243e-01
4.057161997521199770e-01
3.796480042364712704e-01
4.217831918415498871e-01
3.883709681008464254e-01
3.406408842487371746e-01
3.525075987574746716e-01
3.302943646773880970e-01
3.545881893126594520e-01
3.338849609696801779e-01
3.691758782588628329e-01
4.016964253962393983e-01
4.153304471504664641e-01
4.074293503018533436e-01
3.967433725466408823e-01
