1.263164636781223538e-01
3.229985970880814850e-01
5.281867339186862020e-01
7.748541710833013463e-01
9.269999756627181897e-01
9.790102276686646343e-01
9.220371542552797672e-01
7.651177365856107748e-01
5.270526772465178311e-01
3.084990936605738199e-01
1.592789151629970534e-01
6.612133684799297029e-02
8.809737133033986034e-02
2.166978696190063336e-01
4.230952469923279224e-01
6.256893120330744296e-01
8.244183459484037968e-01
9.529999572032440414e-01
9.389999999486526860e-01
8.610273478186731833e-01
6.546556118379653899e-01
4.531910017024150528e-01
2.577958794529612296e-01
1.140198606860491348e-01
1.108125571026177814e-01
1.444191781820024501e-01
2.985935333335194009e-01
5.009924329667105880e-01
6.430000209334595374e-01
8.679998948077167764e-01
9.320019193267446989e-01
8.939993859598991399e-01
7.589874968576473258e-01
5.489993921461147064e-01
3.698358518476405621e-01
2.329997870078670263e-01
1.338456748242771721e-01
1.437731690091683390e-01
2.319578691057762598e-01
3.942620547237484785e-01
6.159586688990404957e-01
7.479799564529120426e-01
8.791894102643855735e-01
8.969999908922602350e-01
8.579998356814514393e-01
6.520760692504883327e-01
4.978794247972267439e-01
3.046541293491472069e-01
2.282361222943440626e-01
1.432987617068582353e-01
1.702441614080605070e-01
3.233881027807517516e-01
5.138512956791880804e-01
6.479920926015237947e-01
8.010050757676949740e-01
8.329999949770185985e-01
8.290446893454068711e-01
7.160000083305657625e-01
5.699874171215567609e-01
4.499628882386840778e-01
2.785354101825352480e-01
2.019311176244959205e-01
2.000507756448962893e-01
2.598580852937186214e-01
3.880014890316245690e-01
5.257192138912845092e-01
7.059890649366241666e-01
7.938830035929793638e-01
8.079999994165245614e-01
7.559806418200694100e-01
6.489463078300202747e-01
4.999716417744891062e-01
3.620348658447831158e-01
2.822777757820451594e-01
2.090033729916289384e-01
2.718431604240401644e-01
3.596255157664203228e-01
4.629926419558809125e-01
6.568377500037111405e-01
7.188023195423570710e-01
7.870014871842990756e-01
7.259684835401923886e-01
6.869801130043087234e-01
5.646943002000587297e-01
4.831055888375174745e-01
3.190977486288934517e-01
2.775832980657373383e-01
2.627422545650036079e-01
3.369684302425846600e-01
4.169987622522476900e-01
5.814764206493300280e-01
6.759955053683043280e-01
7.113230764447507903e-01
7.425727391424739032e-01
6.910004319364784209e-01
5.864081851995782690e-01
4.959515115768626803e-01
3.503100638303205949e-01
3.113812454112734329e-01
2.725654155313995131e-01
3.286532959138271370e-01
4.088260229306866500e-01
5.407737743136913355e-01
6.318946690046104431e-01
7.269401695241249906e-01
7.184616748830396915e-01
6.941783613107670448e-01
6.220042294892524914e-01
5.283722764853365783e-01
3.952449180867583789e-01
2.798497989303975753e-01
3.179254069721135223e-01
3.071736475218800888e-01
4.069588617493069549e-01
4.559969823364379837e-01
5.899862964805066001e-01
7.070958383186263241e-01
7.260001030290084145e-01
6.851304354691991616e-01
6.569938820327749784e-01
5.360000001508942180e-01
4.454585029446956335e-01
3.315402129739303261e-01
3.093922532940046044e-01
2.815414512515785894e-01
3.850472585181988761e-01
4.481618440477663778e-01
5.239877717094560960e-01
6.493617958114061839e-01
6.959986188766034143e-01
7.228447639288044790e-01
6.547650600288402734e-01
5.766237998214064353e-01
4.459946809265957213e-01
4.040182033471059198e-01
2.946962711653981493e-01
3.331836838625448771e-01
3.632543426355844263e-01
3.849200955326360640e-01
5.130385457406202443e-01
5.860289290627459513e-01
7.035364359651651300e-01
7.085261861503556746e-01
6.830050992375106267e-01
6.200861967745201486e-01
5.030000019237781395e-01
4.340063724010959079e-01
2.838762576790475056e-01
2.851650367406970421e-01
3.360000183950958008e-01
3.714474843524788183e-01
4.780001718177795955e-01
5.520503013150157567e-01
6.660354643599752933e-01
7.170667878471483903e-01
7.009571032043363514e-01
6.417844247135240376e-01
5.329994447900259225e-01
4.492734341662066311e-01
3.229853418243099905e-01
3.054116670617504914e-01
3.099875452836995948e-01
3.842113042311070537e-01
4.180080672409669518e-01
5.409311388535087417e-01
6.400765115574997832e-01
7.429999946089236307e-01
7.267979051559781967e-01
6.674532242945587779e-01
6.059391751640736956e-01
4.820822902791260800e-01
3.810762054206310867e-01
3.329634417422304149e-01
2.809900229584207931e-01
3.459917685810148802e-01
4.008350114104307083e-01
5.180014334363436390e-01
6.010000014109724287e-01
6.690429437822106307e-01
7.249999656535478509e-01
6.660001405220441484e-01
6.349999997108334293e-01
4.930016596856782174e-01
3.960732767408084998e-01
3.141490177667750627e-01
2.779812942681708088e-01
2.605676498556568910e-01
3.476733113646904294e-01
4.483525370301945090e-01
5.639979413113358486e-01
6.700003571250874312e-01
7.114135780124000163e-01
7.338211440259914120e-01
6.469260941438436108e-01
6.015038163662010939e-01
4.510715277536984091e-01
4.050333259065840852e-01
3.323630697624125330e-01
3.249696946595493907e-01
3.227973507713888246e-01
4.018546315170712369e-01
4.557669777485275908e-01
6.069278882192541413e-01
7.019995587274628912e-01
6.780078147048878012e-01
7.258310500207340032e-01
6.338338999740913415e-01
5.379966789476465783e-01
4.220323358093627242e-01
3.408012594270670159e-01
3.329508576954932630e-01
3.115624074961449441e-01
3.874910306738323928e-01
4.336891269667044191e-01
5.548753800739789632e-01
6.209451967754108237e-01
7.049966863308695375e-01
7.071465607207871873e-01
6.729711257206536512e-01
6.080405378898297020e-01
5.090453841237381205e-01
4.050195685392365408e-01
3.078736289863827635e-01
3.020650520604197253e-01
3.409977268448237120e-01
4.403862235851034868e-01
5.367256907658607412e-01
5.752153442384533300e-01
6.353593975112731274e-01
6.650004988550222151e-01
6.685375628847555207e-01
6.247359216287630135e-01
5.469431967049428467e-01
4.429931489395044220e-01
3.482180404902672222e-01
3.240007035482816433e-01
3.091523617701541493e-01
4.044021403025079842e-01
4.453902580523926846e-01
5.459804521319799875e-01
5.830010271543956124e-01
6.409897638918664597e-01
6.819979719257585060e-01
6.459999943022032287e-01
5.959843593855158606e-01
4.737359071105692876e-01
4.194349168519939663e-01
3.571250598640114404e-01
3.728382175734042403e-01
3.169080002408025121e-01
4.310013229047796601e-01
4.656978336016346365e-01
6.109999929443661326e-01
6.690070269651513524e-01
6.589908342073832470e-01
6.750744826123626918e-01
6.420004874088032221e-01
5.168727704820539337e-01
4.505050086168637669e-01
3.960278154453285571e-01
3.277406982246756084e-01
3.658746021031831774e-01
3.836734023794115545e-01
4.916812185334647478e-01
5.790050114401296133e-01
5.774935418690966271e-01
6.725749537232424968e-01
6.782834267866967304e-01
6.477775091169192256e-01
5.790710283866744579e-01
4.792040995256620084e-01
3.996245775588232463e-01
3.639073459994099924e-01
3.330218628753833232e-01
3.650177295283583701e-01
4.039457084548568888e-01
5.173356980923897730e-01
5.712710779444782894e-01
6.350065085125541353e-01
6.761855365803175477e-01
6.315150893475126592e-01
5.619812317398672485e-01
5.281296116759290893e-01
4.689899819346993737e-01
3.919988138230274810e-01
3.649002814920687121e-01
3.862790993378694138e-01
3.809679435221093313e-01
4.739995971899589322e-01
5.452690059308644699e-01
6.398112440363943332e-01
6.679613122753380594e-01
6.599999946853086774e-01
6.230333607882921898e-01
5.200439325090786546e-01
4.570655202074891399e-01
4.157630808596149419e-01
3.741862163831591315e-01
4.000791808636618430e-01
3.987444010175496545e-01
4.519911108875012684e-01
5.050636410304126800e-01
5.634424158984234765e-01
6.449999984129957120e-01
6.410557091655132433e-01
5.882203921887065867e-01
5.469313999357566791e-01
4.880834237990456792e-01
4.250020871495749364e-01
3.877360784174636588e-01
3.760474472655805367e-01
3.883378507745713359e-01
4.523750038499710913e-01
4.929949243513481183e-01
5.479997463883909958e-01
6.187892526828657758e-01
5.819783251828232196e-01
5.930050628452204764e-01
5.930162304053010480e-01
5.516508735152892973e-01
4.742826303592909687e-01
4.229044018043332520e-01
3.806568423525594214e-01
3.834515964356320916e-01
4.003369529255260684e-01
4.531320011738540487e-01
5.139930388363950220e-01
5.924616266616330451e-01
6.372090134665809869e-01
6.379806275422392758e-01
6.009752605040677986e-01
5.487596925059490260e-01
4.819864227202503848e-01
4.490092026758477628e-01
3.968097710211766493e-01
4.032096219737811849e-01
4.165535639111053734e-01
4.378076264424707875e-01
5.236210909637258881e-01
5.130115694430126272e-01
5.852271736907863620e-01
5.989984773357984738e-01
5.791330215205529042e-01
5.689278976118834485e-01
5.000879896034193806e-01
4.938407480440334951e-01
4.120819700193267265e-01
3.868170775461067246e-01
3.747357135965850294e-01
4.692322151412142706e-01
5.068146983524818294e-01
4.839951879349118635e-01
5.739746884541423455e-01
6.050006435790942216e-01
5.914962189096729661e-01
5.472840023831428979e-01
5.238500457421944034e-01
4.905988992607261401e-01
4.512093795763848503e-01
4.070587120315073970e-01
3.837778494400868046e-01
4.103651250713166165e-01
4.725859992889910322e-01
5.289324701168679477e-01
5.819843516723289811e-01
5.929988595312822852e-01
6.159354709545807882e-01
5.632627467201973825e-01
5.657987514484636993e-01
5.066475493337385672e-01
4.531264618647937725e-01
4.250000005244184975e-01
4.010987457592382066e-01
4.116762715024235852e-01
4.104124019024238956e-01
5.177416870462461240e-01
4.928845770252323621e-01
5.789797101633004095e-01
5.829914698228180203e-01
6.188344735026631849e-01
5.991371682766776230e-01
5.678037168036942361e-01
4.607131458722588113e-01
4.586643559722406449e-01
4.290164800382660903e-01
4.249799681437660959e-01
3.913797196345627505e-01
4.484619484055342720e-01
5.157616655045214049e-01
5.740306237509497089e-01
5.719996314127220316e-01
6.121914976322168078e-01
5.864110937280754277e-01
5.332696905476645988e-01
5.440016022557062625e-01
5.430116815107587369e-01
4.809929840141996538e-01
4.472429344122397232e-01
4.478274760029669066e-01
5.130849457783424050e-01
5.810002385144336090e-01
5.240804628388107123e-01
5.419959336725128640e-01
4.774638727113292291e-01
4.872976517584151068e-01
6.079999732805426715e-01
5.596976167722451656e-01
5.418398117306800765e-01
5.199928662107575761e-01
5.383487505143058627e-01
4.319974640548756017e-01
4.490011642504416756e-01
4.731274030797184005e-01
5.000000148176275694e-01
5.783275799444883569e-01
6.170160011715817294e-01
5.769642083887134287e-01
6.039793649715589074e-01
5.320155342025898459e-01
5.199922354621787646e-01
4.880865100169852200e-01
4.572064738309334353e-01
4.094302671481441225e-01
3.831369812072214498e-01
4.170646431542353594e-01
4.880585298451002862e-01
4.966097445030243085e-01
5.450003645286951581e-01
5.659188743376227793e-01
6.049665186277188855e-01
6.091556159629484268e-01
4.928144778918446267e-01
4.614779827520636424e-01
4.408688909558636793e-01
3.960000111439728743e-01
4.600137390007177918e-01
4.521898656321450272e-01
4.019033247220934468e-01
5.190352279201505548e-01
5.392400199363962532e-01
5.560565025450935339e-01
5.890914023372256780e-01
5.829935335911936578e-01
5.668210531440877054e-01
5.120255728783960070e-01
4.770003118014217169e-01
4.599999997056493095e-01
3.707050278312929992e-01
4.139654069431296657e-01
4.729992435087722047e-01
4.699994881383575129e-01
4.959998346556182547e-01
5.613838589704915893e-01
5.639996404034445243e-01
5.629999616324230516e-01
5.800009024572018168e-01
5.498552058015091504e-01
4.790040515141902322e-01
4.439126677004002208e-01
4.270000079993863107e-01
4.179989532333658886e-01
4.359404285839361681e-01
4.578412544080907032e-01
4.780000170960821415e-01
5.199998819353591761e-01
5.520141815772932059e-01
4.609998100990258529e-01
5.369983898356598395e-01
5.499999999007136875e-01
5.130004617185833782e-01
4.940000808611105243e-01
4.429991710836609364e-01
4.243344389258565941e-01
4.360006963748394582e-01
4.436559619248003905e-01
4.949982727796143900e-01
5.160138801705147493e-01
5.599920754063396622e-01
5.620610763465460069e-01
5.332593451588651945e-01
5.380521894222096702e-01
5.300754696178585634e-01
4.990858190487925117e-01
4.420104096152158712e-01
4.580097835142478147e-01
4.349030368529501200e-01
4.230005352079415637e-01
4.762485165759838268e-01
4.890000254296424931e-01
5.237390651005032760e-01
5.650503683925487408e-01
5.649513600351931952e-01
5.419923104497552657e-01
5.044297813542250042e-01
4.682809433646079045e-01
4.610008403848776526e-01
4.719999579606875550e-01
4.706558504811114707e-01
4.699999880130321661e-01
4.723510701193407435e-01
4.900017931267458549e-01
5.239952776490583997e-01
5.258396351786084333e-01
5.590007695350570627e-01
5.300000004142022547e-01
5.390751371393470714e-01
4.852994387552371225e-01
4.879995971655219922e-01
4.459831814179695542e-01
4.667384918423300721e-01
4.569989825187824595e-01
4.678231244517186416e-01
4.699679529399760636e-01
5.210000288237276456e-01
5.090005395498392593e-01
5.339997299695170563e-01
5.609077090734080340e-01
5.260011500593816391e-01
4.933154894083999764e-01
4.749289643603700761e-01
4.669977950337188544e-01
4.789694036071818761e-01
4.229464353343028726e-01
4.690543277160288405e-01
4.919979834616177716e-01
5.029877502167791059e-01
4.797024363745730491e-01
4.648782207518274978e-01
4.659685885452842791e-01
4.845884671580658054e-01
5.100019716072833331e-01
4.928989885227879064e-01
4.881413149573395893e-01
5.100268911617045209e-01
5.199913055475834378e-01
5.469806398673634495e-01
5.270000045641007880e-01
5.030020332447112663e-01
4.945055726449894551e-01
4.689851148375344114e-01
4.737665023222306093e-01
4.659999152471713257e-01
4.579111103083461920e-01
5.240384532489276159e-01
5.064384828624459711e-01
5.079989029827166602e-01
5.139949913353958344e-01
5.030100993728834347e-01
4.986402939971800174e-01
5.219881893529645378e-01
4.709999987152058698e-01
4.889575592981306174e-01
4.710003756087400850e-01
4.710507982190734744e-01
5.050438939158822249e-01
4.980247113334962950e-01
5.041037557842349415e-01
4.944430951370584193e-01
4.869997871228947672e-01
4.946635117853696584e-01
5.105119916814322423e-01
5.219871452592823591e-01
4.990000014239828752e-01
4.779336286840736858e-01
4.809222254330298707e-01
4.589935096054694741e-01
5.070957742730574092e-01
4.669999989979690680e-01
5.023378455840502577e-01
4.859923262425628887e-01
5.377185211872865800e-01
5.150149015919803785e-01
4.963281194632706006e-01
4.846373802766702488e-01
4.840000103061163350e-01
4.697507706236572211e-01
4.951364373362817095e-01
4.760000112857361576e-01
4.940055927194607621e-01
4.640043572783580372e-01
5.039999655252228594e-01
5.009700954425648778e-01
5.059999915744498589e-01
5.099539930180482239e-01
5.290991808880465275e-01
5.050111132190390206e-01
5.052570604231196860e-01
5.271735340251011426e-01
4.879999949025710659e-01
4.901881410753669011e-01
5.029964490022780232e-01
4.769999986651087265e-01
4.710000034847601214e-01
4.949781805100273990e-01
4.769999995850303653e-01
5.407559018501407744e-01
5.218981982949909559e-01
5.131103193535083706e-01
5.099942263572735390e-01
5.172246097254072916e-01
4.559868266805546799e-01
4.930000015351494458e-01
4.860000000004418563e-01
4.949629651134623831e-01
4.859999664072368053e-01
5.069790657302061243e-01
5.060025081827883575e-01
5.136040940182776682e-01
5.179998149301010546e-01
4.818770734625057450e-01
4.819979813827582893e-01
4.830000003062637215e-01
4.809995301362925413e-01
4.789999999620928595e-01
4.690004660940620407e-01
4.917588536520253184e-01
4.850048719669901587e-01
5.049450515198575795e-01
5.050811949562570291e-01
5.159999734537541460e-01
4.709984796550342190e-01
4.880164273544751463e-01
4.769994521170641821e-01
4.694105434582975800e-01
4.853464810600162105e-01
4.791305450621777262e-01
4.820615613308327774e-01
5.126713260137865102e-01
5.099997151326419731e-01
5.286391125625875542e-01
5.174338083768350582e-01
4.819998869905950944e-01
4.810000000632747574e-01
5.075028650744759506e-01
4.945066665857676957e-01
4.959948244949458629e-01
5.077369141481397063e-01
4.653322865127472729e-01
4.869975180975676388e-01
4.990000009284552007e-01
4.860000017310805998e-01
4.809959346969095995e-01
5.219585727295457112e-01
4.828072668583917038e-01
4.668316787210620711e-01
4.833347618786117406e-01
4.920406247622743368e-01
4.580001471078654074e-01
5.049955020593056565e-01
5.041260538738756569e-01
4.944950705204914643e-01
4.969994175398518288e-01
4.873460703527839888e-01
4.979807961374590475e-01
4.729970746667390702e-01
4.820001524800177073e-01
4.925375226476865764e-01
4.733199780771662479e-01
4.699998854769870671e-01
5.060206106511843105e-01
4.670000001235454223e-01
4.840023210067980752e-01
4.880854501226231101e-01
4.910000002180063272e-01
4.960047816797749087e-01
5.169313327050634177e-01
4.769127773088221445e-01
4.980000565487803788e-01
4.880000204895139637e-01
4.698259647511472403e-01
4.819209891424558467e-01
4.899997568152263949e-01
5.099385947480529202e-01
4.880000009114099924e-01
5.359981250906532546e-01
4.877590614001043878e-01
4.976149374557114480e-01
5.100009869597328382e-01
4.980001783813949867e-01
5.061355852152130685e-01
4.638176230802710243e-01
4.806867719180420440e-01
4.630000067460027791e-01
5.069979129081124691e-01
5.040004656963703589e-01
5.040130343620773390e-01
5.010276715710996198e-01
5.020445698585175309e-01
4.978384664647065860e-01
5.170040394974141362e-01
4.950604052242584818e-01
4.970001068486454288e-01
4.859110750017822111e-01
4.939999797843622753e-01
4.799999979936061534e-01
4.679999929185607033e-01
5.169997112183525312e-01
5.097094729931623824e-01
5.113647854202761911e-01
5.142556557760472602e-01
5.159933366082989359e-01
4.930173215807216458e-01
4.991949398304865726e-01
5.009999990343902976e-01
4.805776457930795442e-01
5.069995755647598301e-01
4.910091609474951380e-01
4.852059219538827906e-01
4.857573834183748218e-01
4.989181198708346199e-01
5.035055695948541521e-01
4.920932309934255566e-01
5.038590036209844580e-01
5.160410610662138353e-01
5.270000000042179833e-01
5.119995406880455402e-01
4.950005851660875256e-01
4.900005678792425656e-01
4.904216743225615072e-01
4.980107146143124552e-01
5.024579590819462371e-01
5.009399819507049934e-01
5.080061873943819695e-01
4.992414240802469094e-01
5.072217610588282133e-01
5.229332138089690662e-01
5.069998400940346484e-01
5.220066925480841835e-01
5.079952881605722670e-01
4.620000020362338145e-01
4.685695164775343091e-01
4.460324027978242456e-01
4.680000267352035226e-01
4.939999248538939902e-01
4.956515730672483855e-01
5.049999989517550691e-01
5.060136581020738822e-01
5.150191024119545880e-01
5.099996680865853671e-01
4.909386486181373521e-01
4.789603388310585963e-01
5.147330745373022154e-01
4.579811767468083272e-01
4.709522819801902349e-01
4.650000242769730119e-01
4.730146144064433233e-01
4.839872772272006962e-01
5.079995884880976753e-01
5.020032002310187424e-01
5.204920475708838534e-01
4.995528989780691487e-01
4.885900161604493364e-01
4.900055162106810580e-01
4.859879121112098965e-01
5.110002278458884994e-01
4.622706690108575600e-01
4.780347767169393913e-01
5.109797838349779964e-01
5.349856266435309982e-01
5.300000188800854106e-01
5.078822886441684004e-01
5.569999642039461518e-01
5.220419007585943572e-01
4.749999999856994726e-01
4.734309132335990933e-01
4.879735354074763443e-01
4.380002112181282103e-01
4.665199243554150055e-01
4.399998317281144100e-01
4.700093249633350290e-01
4.970047304175155278e-01
4.800000185225281046e-01
5.080027044871598951e-01
5.090069658697706778e-01
5.039977373437007913e-01
5.369999996468306502e-01
4.993042939451302620e-01
5.409998796613771921e-01
5.176056444535909185e-01
4.699999995587907931e-01
4.640000140823472008e-01
4.750009089895586012e-01
4.981602184866892324e-01
5.070000726487200460e-01
4.950120727696880607e-01
4.914747185020412190e-01
5.154091252559293013e-01
4.969999985805249043e-01
4.883792651036576449e-01
5.165717337529380782e-01
4.849999690632398330e-01
4.654019976487630550e-01
4.600000000008459544e-01
4.696203360639372715e-01
5.249999980309086878e-01
5.100258041236098716e-01
5.119999778824949610e-01
5.088922149070115308e-01
5.210752523486050780e-01
4.976666793019481894e-01
5.300000016419436077e-01
5.019989113599070407e-01
4.900381115243036545e-01
4.759999760763288790e-01
4.670427693538057312e-01
4.751586061647664061e-01
5.059794364429356373e-01
4.972499756056716347e-01
4.920621502111641732e-01
4.951190070823260903e-01
5.379941523663042124e-01
5.562104496593699432e-01
5.326622356208036146e-01
5.458856240219606137e-01
4.998617982319472075e-01
4.680154162751530844e-01
4.578570478418487744e-01
4.410000070630580860e-01
4.547410336143855591e-01
4.929150856399377445e-01
5.129999351357916737e-01
5.366278311579578686e-01
5.090085635583169177e-01
5.210226259487636957e-01
5.178506996898883941e-01
4.909987933695432738e-01
4.846479808784849297e-01
4.984092770177102061e-01
4.850315112486132674e-01
4.650978578506476113e-01
4.669871853758642000e-01
4.729991257991942866e-01
5.139998214971542856e-01
5.160086437777231527e-01
5.278912487308907719e-01
5.339993996747661731e-01
5.245522730928418031e-01
5.130679867976636332e-01
4.823180108495910279e-01
4.448813752456805548e-01
4.699998920702624372e-01
4.604373913015609721e-01
4.928809796886601813e-01
4.480028998118126271e-01
5.158283045718992099e-01
4.915264471012538161e-01
5.197304217983366170e-01
5.180000008188080374e-01
5.209997591656349014e-01
5.330000384162094651e-01
5.170000966516485885e-01
4.960000769696127354e-01
4.350000051530116818e-01
4.410150061624723006e-01
4.434123427177517063e-01
4.825410968999513939e-01
4.750007111558641193e-01
4.730001000295391278e-01
5.331885515984782220e-01
5.439999968570676803e-01
5.410280782234903052e-01
5.082580188192569182e-01
5.060164878408351941e-01
4.880000226986215828e-01
4.510859812386059930e-01
4.428127430586248359e-01
4.652304304682197134e-01
4.789992306416047674e-01
4.811407170939123734e-01
4.840327668385162041e-01
5.249336599811018633e-01
5.280000002465305986e-01
4.999995915599672047e-01
4.949655459731689966e-01
4.691018198503048575e-01
4.880017338646552849e-01
4.531317717310544557e-01
4.621287360152816492e-01
4.421140406066355055e-01
4.435468735347256053e-01
4.857134875355814119e-01
4.860034083858975062e-01
5.351256760027861548e-01
4.930000014098013805e-01
4.939800380530315338e-01
5.099999997646484928e-01
5.086388789671288935e-01
5.090000256479149110e-01
4.839993429618840159e-01
4.567644815395580093e-01
4.509987091102906076e-01
4.500220693326228427e-01
4.727324715329895288e-01
4.789994928251593009e-01
4.799985074588189460e-01
5.251204901508071954e-01
5.292277971038292783e-01
5.479876325009006566e-01
5.040009593739457339e-01
4.669602765812325140e-01
5.132828880499061830e-01
4.611416910100832878e-01
4.460337952397815386e-01
4.410044905324994602e-01
4.439999414153376067e-01
4.720223993505870963e-01
4.921230422622920875e-01
5.126528992237373572e-01
5.123135640195698448e-01
5.160148758332836483e-01
5.073585659092871847e-01
5.001748922296387345e-01
4.669201169498100601e-01
4.547682545270634868e-01
4.759638415188323091e-01
4.530069670167638507e-01
4.766440326043890341e-01
4.889458080955223496e-01
5.169300003386886333e-01
5.117556790342403517e-01
5.350004128278660342e-01
5.517697966246865038e-01
5.060042970250024918e-01
5.169811694949268954e-01
4.959562245286946447e-01
4.713748676037399776e-01
4.699611064841688890e-01
4.806307806794141713e-01
4.665126545266221614e-01
4.660049015039339770e-01
4.896131507300143237e-01
4.791872897283581678e-01
4.961914165066046434e-01
5.388379733356818413e-01
5.279465484697241084e-01
4.970194386447128743e-01
5.200029149802114503e-01
4.712120512670205374e-01
5.030007195093193495e-01
4.590628410092176814e-01
4.704678637614520542e-01
4.682480196470091838e-01
4.790144960174125277e-01
4.830214365197971760e-01
4.989630531403717040e-01
4.979562836943363657e-01
5.240497189273217726e-01
5.491425291936172792e-01
5.120031873760602092e-01
4.772744698009959152e-01
4.609999976057175819e-01
4.590006059892455248e-01
4.420615456832948098e-01
4.660049886730815438e-01
4.909998711598245746e-01
4.889491611010327032e-01
5.430008228743802290e-01
5.040243802641553028e-01
5.230412261358367010e-01
5.370054541451090291e-01
5.260037749148508412e-01
4.815145464601897629e-01
4.930028501679630804e-01
4.539910430624340965e-01
4.369797427937359147e-01
4.580333164595722373e-01
4.710056472186346377e-01
4.947965763112383009e-01
4.593942233500258876e-01
5.218479340849421222e-01
5.295701884440452423e-01
5.416561022159149807e-01
5.382293697766581397e-01
5.051348576722722861e-01
4.834484655273726394e-01
4.347503463513484601e-01
4.773682455555179338e-01
4.847223063734893422e-01
4.810422294878051175e-01
5.149706659950346044e-01
4.999942063938380699e-01
5.152645041788102009e-01
5.291777568639466356e-01
5.122545561363475164e-01
5.260005065374686595e-01
4.880038293771354341e-01
4.941879516243573023e-01
4.669005878183277169e-01
4.799996821879164988e-01
4.722412036679738412e-01
4.610000155553636292e-01
4.749926132959023661e-01
4.639047526619158313e-01
5.002471761936027050e-01
5.140004506290380970e-01
5.296855402934681489e-01
5.240853832062962736e-01
5.180396815427383839e-01
5.090013694145695267e-01
4.795218536226646400e-01
4.629656353934416546e-01
