9.633319861573583776e-01
9.769951452334111330e-01
9.269798775263109469e-01
9.104730997974580520e-01
8.159875121538903153e-01
7.750331328806056019e-01
7.059063540918811830e-01
6.437735954209672373e-01
5.439958684295342906e-01
4.862463002443687676e-01
4.169994706852452326e-01
3.458235042919195479e-01
2.509599132507147057e-01
1.862664674088418404e-01
1.450124931828416508e-01
8.503334413883820164e-02
8.400574833653209894e-02
5.163758938959993328e-02
5.013445854547617098e-02
5.589103824053951591e-02
7.306548203623916549e-02
1.002175187036858650e-01
1.145918892047218529e-01
1.991946551991999048e-01
2.530625000806916991e-01
3.344398638595039164e-01
3.972279966840209231e-01
4.774313572784792403e-01
5.540014301639462069e-01
6.083652338862188813e-01
7.009933815144784308e-01
7.679892643025946208e-01
8.504134996890699849e-01
8.869439205487680278e-01
9.279836889576085213e-01
9.619980551462239404e-01
9.919981997053148870e-01
9.938832523681887521e-01
9.929778510126384683e-01
9.799235268950755584e-01
9.499953519696795468e-01
8.979961795326941720e-01
8.668430728358207382e-01
7.960987103399806974e-01
7.222259687860573818e-01
6.449005318065134107e-01
5.845850629731376147e-01
4.905100097783764990e-01
4.486295060613126884e-01
3.123317596004681063e-01
2.858688543008251481e-01
2.249914456678522579e-01
1.581618702878456184e-01
9.597073375687698027e-02
7.836167634903583312e-02
4.800069249333126925e-02
4.026348964327499530e-02
4.495579753177091770e-02
6.700746215534737760e-02
8.632100247907485702e-02
1.359941051058358163e-01
1.859757173263164864e-01
2.399402196691756417e-01
3.279426743411864575e-01
4.126133725655645179e-01
4.804191187183590728e-01
5.649984038374149531e-01
6.332983488794935445e-01
6.932275075015245092e-01
7.784831096905170389e-01
8.325247335623500167e-01
8.929919247255969639e-01
9.259942947715296135e-01
9.563888326844572907e-01
9.869649337779319298e-01
9.969927575848256396e-01
9.919944635684228018e-01
9.809927215634981490e-01
9.339985005146627106e-01
9.049971655424164929e-01
8.779324023222809803e-01
8.057977822780995059e-01
7.259941242042509124e-01
6.789949062844641281e-01
5.689805913281276162e-01
5.275233458544557053e-01
4.391938478838856019e-01
3.369321453077692707e-01
2.672444275361915422e-01
2.110435101412990178e-01
1.680214925989204078e-01
1.256801400640124022e-01
9.041881141071105021e-02
7.509216456879928836e-02
5.899237526581775637e-02
6.518917217709387091e-02
6.384261436012463042e-02
1.081456840922062485e-01
1.349638685408028893e-01
2.043816820933674061e-01
2.328116850077119326e-01
2.980369726618187221e-01
3.969565588306187554e-01
4.691596706977209097e-01
5.402396267960455356e-01
5.930025376275807059e-01
7.049901784390983916e-01
7.501079442764948535e-01
8.199965484370761448e-01
8.843529970953298847e-01
9.419209378886328476e-01
9.629687967071622889e-01
9.889846750454384106e-01
9.949762369507267890e-01
9.879813974824849243e-01
9.624270121782190213e-01
9.196526105896151160e-01
9.049066644038161744e-01
8.411735799767356969e-01
8.218535313127998121e-01
6.960918868833134709e-01
6.563124641528560455e-01
5.847605126223466288e-01
5.069365819501953085e-01
4.312677011310682706e-01
3.560026528748645447e-01
2.960452338509236836e-01
2.527317730994126377e-01
1.975632607271809171e-01
1.377831829245993733e-01
9.271949349573567478e-02
7.392023803399871973e-02
8.347263661987920635e-02
8.102980377850640958e-02
9.427288610156310533e-02
1.143480840322811803e-01
1.561513891520776576e-01
1.687831826681503999e-01
2.594160664666679272e-01
3.206713788105532981e-01
3.604278856628241323e-01
4.638897440843688935e-01
5.573098214410087126e-01
6.000702643981160600e-01
6.823573489622261068e-01
7.400016242786705556e-01
8.185881670670680510e-01
8.696249597105135676e-01
9.389991164545956615e-01
9.503649940754053116e-01
9.818100375556868542e-01
9.819875799605848332e-01
