9.699984769817164842e-01
9.699981921456342082e-01
9.389991708622440481e-01
8.999982888137346704e-01
8.499973482847896777e-01
7.907871500842333923e-01
7.240945042376659702e-01
6.749155694275259521e-01
5.718523767060794682e-01
4.730607634594372057e-01
3.994210186630187676e-01
3.219241910251813832e-01
2.464183490284670430e-01
1.947518779108292075e-01
1.303053845514244302e-01
7.840588985320011417e-02
4.685934731687974725e-02
2.647730542739595849e-02
9.025723989199742336e-03
1.454581946090214087e-02
3.800628496988067012e-02
5.836403050750782473e-02
1.059580336866796368e-01
1.642643772118999035e-01
1.885796259219356397e-01
3.027111030656587931e-01
3.360395804586396862e-01
4.675763329168039495e-01
5.067996195338906329e-01
5.917543619224814311e-01
6.784593261040046119e-01
7.520052592151553750e-01
7.889999846172306430e-01
8.399969634029812449e-01
9.048238357911150276e-01
9.559897076905449209e-01
9.759997526980569438e-01
9.939997403223705952e-01
9.939998671729141089e-01
9.859997424744920691e-01
9.509991254909061498e-01
9.115593532019938827e-01
8.719854972660469050e-01
8.219935904300602614e-01
7.719946541713272881e-01
6.779367095055763848e-01
5.881355344755738734e-01
5.500000969268658002e-01
4.408025166362778968e-01
3.667383671434770731e-01
2.950124932855331394e-01
2.539644197564472905e-01
1.650296353659432558e-01
1.172087277793836951e-01
6.303897903024452409e-02
4.320478734725459458e-02
1.517089102133357438e-02
1.779565609470701651e-02
2.818712243570614326e-02
4.196460754921275266e-02
8.168947939932727498e-02
1.437915268953914028e-01
1.719649586956086273e-01
2.250058986497388558e-01
3.382065377272637230e-01
3.588607029736735066e-01
4.515919265256657100e-01
5.390000876451467304e-01
6.329919244526390765e-01
6.741804844869295765e-01
7.589967644612763964e-01
8.190147372571159323e-01
9.045612953147817992e-01
9.229934349221061707e-01
9.607356562991675730e-01
9.899995414980020669e-01
9.969996161328444906e-01
9.828864683465620145e-01
9.809955842867492670e-01
9.430028276976933910e-01
9.069547549660603725e-01
8.549595300835580725e-01
7.808452123917261067e-01
7.060000947628696233e-01
6.461968945330659464e-01
5.730136556972926787e-01
5.118113581090474318e-01
4.100042605026393283e-01
3.420167678932476973e-01
2.610882951872395275e-01
2.415556546979859831e-01
1.401922106543463664e-01
1.029019772615272638e-01
5.200232738579222552e-02
3.602856689987576910e-02
1.966720162882563613e-02
1.711665160535469354e-02
2.641151209747278489e-02
6.743197607226958379e-02
9.291543318259500028e-02
1.497105913782438569e-01
1.900131376035080200e-01
2.661478494172035414e-01
3.179934030832291536e-01
4.097998876301348625e-01
4.818676731172567562e-01
5.796563071213827190e-01
6.431867912090211137e-01
7.130363211202945806e-01
7.919580559422978450e-01
8.429997970729563583e-01
9.040279062438997260e-01
9.289997895545213380e-01
9.699976301514385835e-01
9.919962037942968713e-01
9.929991037903568296e-01
9.851113436725920103e-01
9.699215645011604048e-01
9.399870347373828761e-01
8.930285869824400313e-01
8.453720360520078358e-01
7.550069073223798499e-01
7.029818689756596184e-01
6.310602552370589979e-01
5.379732389351731259e-01
4.959941815078742766e-01
3.948911827033544930e-01
3.297488468543003926e-01
2.640241528766350543e-01
1.690017774599303357e-01
1.309069063941395716e-01
7.363295601571101523e-02
6.008017613398540513e-02
2.493851157149558004e-02
2.404080930206301328e-02
2.143813340364494197e-02
4.143068699687927486e-02
8.000017727498996700e-02
1.080675409153162431e-01
1.419234533724361147e-01
2.130766489868728963e-01
3.090393679296057905e-01
3.659808855195360588e-01
4.332106430707361455e-01
5.334423225624169707e-01
5.769924965304169540e-01
6.768178293081700270e-01
7.429943907276238546e-01
8.080220334311727370e-01
8.630040215839619444e-01
9.019413092903343365e-01
9.599881177016055256e-01
