3.199364638676748668e-02
3.499511897578346659e-02
5.736114919337968743e-02
1.138852042555174027e-01
1.569917770177798322e-01
2.088458943238650223e-01
2.669673518032207316e-01
3.295071952503638157e-01
4.336768694394452783e-01
5.071540875823962180e-01
5.935774402176550169e-01
6.252588405013292938e-01
7.209291701111185668e-01
7.960762866542462346e-01
7.877274716882038952e-01
8.495581676823042994e-01
8.767977100188343309e-01
8.986991230458507562e-01
8.849028931898108574e-01
8.520366326916101185e-01
8.216939736022849106e-01
8.024568852120855800e-01
7.498338629740335382e-01
6.942252902639584056e-01
6.285923925642814547e-01
5.378311510366324821e-01
4.515383321838739028e-01
3.900851772010877072e-01
3.380632704141188216e-01
2.484357613227205497e-01
2.099420901748331736e-01
1.469328079952514354e-01
9.793858779544085957e-02
6.097972120302621452e-02
2.199500600411094173e-02
6.997477175774662397e-03
4.007294752301548968e-03
1.400624321562497603e-02
2.803759062877328803e-02
5.897591503083502579e-02
1.067795302993140155e-01
1.905296549243943871e-01
2.398171620082331645e-01
3.046897166099551968e-01
4.028817852283169687e-01
4.709744490489347069e-01
4.986072354532181117e-01
5.997685724778342164e-01
6.568193429468728306e-01
7.239020230448803828e-01
7.689790290994689137e-01
8.333764275677165712e-01
8.467592321817749568e-01
8.723391638506231560e-01
8.801763590265420101e-01
8.752244745740856979e-01
8.610045457228999721e-01
8.334452830156572345e-01
7.876224270765074253e-01
7.602191114428872298e-01
6.758669935510858151e-01
6.074864855779376072e-01
5.510233054511659567e-01
4.886893757450067044e-01
3.878218640060222544e-01
3.208828384643921949e-01
2.706493890887345377e-01
1.920862906405158832e-01
1.492698237841806330e-01
7.341964270634142309e-02
5.398002261207091729e-02
1.801246780282155652e-02
8.995634764878510103e-03
6.886952514597198191e-03
2.297719651696101748e-02
3.998361957004754191e-02
7.997851431286369384e-02
1.308762765323285837e-01
1.805146013781530334e-01
2.456388937060118571e-01
3.142736076759782282e-01
3.738018604834053571e-01
4.744707430101062218e-01
5.372569472515267286e-01
6.088721183070934240e-01
6.868363359717720718e-01
7.357352836778479066e-01
7.855048291150390494e-01
8.486453884660657421e-01
8.696524208504622377e-01
8.807923215498617564e-01
8.692312143854633577e-01
8.754515192029076465e-01
8.518605095472098210e-01
8.220002499050436118e-01
7.797756814143762538e-01
7.299291239335972126e-01
6.564798647859290126e-01
6.176779631423920947e-01
5.550683508691568457e-01
4.487844399051892363e-01
3.634318143868781603e-01
2.950965472058195149e-01
2.239367557954643206e-01
1.637959321906705401e-01
1.189694158316549066e-01
8.907417561418518037e-02
3.358114685029215535e-02
1.798275379056058637e-02
1.498900249328654136e-02
1.600010776678755312e-02
2.114742050043760813e-02
4.695899294584639228e-02
8.271790376391975619e-02
1.348557838155617916e-01
1.994834786908555313e-01
2.691585970537863637e-01
3.072980744807937148e-01
3.808489603680040858e-01
4.558514104101183406e-01
5.363059167509220959e-01
6.264482829703245104e-01
6.884195957170961000e-01
7.636985831625425769e-01
7.948795755928260709e-01
8.220288814015161982e-01
8.588234568336347019e-01
8.834093183842924857e-01
8.798157633888067375e-01
8.665836365672375807e-01
8.329563708127755151e-01
7.837187692576524922e-01
7.675612039502702766e-01
7.101485925855584025e-01
6.406751911508518083e-01
5.925160916345200146e-01
5.050809971904327567e-01
4.118983999506529159e-01
3.636247754445098290e-01
2.849231573788311156e-01
2.340123921580953004e-01
1.706018139511169818e-01
1.044054239860595784e-01
5.498656598581636717e-02
4.596461741492673114e-02
2.169653365666528860e-02
9.999253937855527227e-03
1.414533969837089393e-02
3.200193583208130882e-02
7.236645720158481343e-02
9.499262711900439971e-02
1.589383062030474414e-01
