9.679500882496466785e-01
9.649894828744723929e-01
9.418845882739651509e-01
8.849446429550302806e-01
8.409714235374101676e-01
7.909864755816776727e-01
7.309853152217049566e-01
6.689948476549534284e-01
5.659783778446505487e-01
4.900387787539705053e-01
4.052420778174557481e-01
3.678654640184019220e-01
2.729007596503719157e-01
2.031172692928612800e-01
2.089138979852365186e-01
1.439699338506017778e-01
1.194715718358077688e-01
9.701830499305194588e-02
1.112111850203464786e-01
1.475093616174126543e-01
1.687370820113869851e-01
1.940008041493697377e-01
2.429650230801027044e-01
3.048332746762870138e-01
3.684356282613699962e-01
4.579406252793885579e-01
5.460245799613858697e-01
6.050007017175400570e-01
6.600047977931581267e-01
7.454038795319836153e-01
7.889834894704840229e-01
8.529757712074537146e-01
9.019873638451435527e-01
9.379452401108926418e-01
9.779873797710112449e-01
9.929652391471698314e-01
9.959442381423048163e-01
9.857492328455007558e-01
9.718700969300119175e-01
9.406991495255397906e-01
8.927500838837866270e-01
8.089952932917513495e-01
7.543874900923519533e-01
6.937182593296570277e-01
5.951818214539250640e-01
5.288868145169057788e-01
4.969933025963377271e-01
3.969832536571428760e-01
3.400457213346228524e-01
2.735597350008239226e-01
2.260014615696589180e-01
1.616938274357610505e-01
1.484235295936240373e-01
1.240617252694171668e-01
1.161920379924482327e-01
1.189922354217290978e-01
1.334883098781729505e-01
1.618182144649368825e-01
2.100390184259802173e-01
2.370377163939315635e-01
3.210173160117984481e-01
3.910728248832738285e-01
4.455124414819446321e-01
5.079368905974532833e-01
6.109722849664699362e-01
6.779248565642318480e-01
7.289722512331144877e-01
8.078426352373592190e-01
8.496408485296438329e-01
9.265565547565388638e-01
9.449838414433147094e-01
9.819699902771560351e-01
9.909280574392925756e-01
9.920566780364615811e-01
9.769945273694805588e-01
9.599830301707522606e-01
9.199903384522430949e-01
8.659185146496349850e-01
8.187344173230596267e-01
7.529825807969467988e-01
6.835816710862873125e-01
6.259815523940105431e-01
5.232536387296825575e-01
4.559984512652144883e-01
3.864073053242816358e-01
3.066785191369813535e-01
2.520019548556484135e-01
2.121200364398112548e-01
1.480791267021674129e-01
1.248797386901604189e-01
1.158805455953384189e-01
1.148792247219299067e-01
1.199037745412738637e-01
1.441305822741338061e-01
1.688608230479232974e-01
2.160964344324741437e-01
2.670080801074354859e-01
3.363724991036934897e-01
3.819447940504360761e-01
4.421108476000352727e-01
5.470885252269048760e-01
6.359971255379113231e-01
7.016648356883012916e-01
7.759898460751005755e-01
8.339802076164988254e-01
8.809662301588100375e-01
9.108483037051751108e-01
9.649058958499627803e-01
9.800018700562999063e-01
9.849922866368766572e-01
9.839465244306243585e-01
9.788126836504172923e-01
9.520144570783682925e-01
9.159786423525724253e-01
8.649691431741193259e-01
7.979573549458238713e-01
7.294829141889400681e-01
6.883685172119867746e-01
6.176623154759603995e-01
5.419902724420546658e-01
4.618190271249669743e-01
3.690403909912617908e-01
3.075886291937299788e-01
2.300778082216234643e-01
2.002524017860171091e-01
1.734469109964578704e-01
1.339995553267969985e-01
1.129539759234173962e-01
1.158478977096723955e-01
1.205986696853914852e-01
1.606606540982913889e-01
2.121365887377152926e-01
2.299981475913419338e-01
2.838128175744036308e-01
3.587096790631799093e-01
4.050230222826256554e-01
4.917792234328275947e-01
5.869837601356937551e-01
6.339769653073934474e-01
7.125905217864320074e-01
7.619919165652132564e-01
8.292741018660669816e-01
8.929215786775144270e-01
9.429887369697506072e-01
9.539725482289930225e-01
9.768942281310674103e-01
9.898384137729067112e-01
9.858298929177621295e-01
9.669851113139968923e-01
9.265173460312525755e-01
9.039063917290641736e-01
8.389128772196812189e-01
