9.749863479378299003e-01
9.699909939434672168e-01
9.269836982561393546e-01
8.830298270062669763e-01
8.608555465331676482e-01
7.661043633189874580e-01
6.957338737268057294e-01
6.288903754328714069e-01
5.601348208736725010e-01
4.874707425768695646e-01
4.099216971038365243e-01
3.335876002984934918e-01
2.629272935414843637e-01
1.683548477981996749e-01
1.300155129423274658e-01
9.202079616871833290e-02
6.399726742713036931e-02
2.314414983654915561e-02
1.782351467430071459e-02
2.001843025029000078e-02
4.186872699745823601e-02
7.528952397901975124e-02
1.107208374385822147e-01
1.577195102970553320e-01
2.301394740688141871e-01
2.688838239662925123e-01
3.590198621791891864e-01
4.362585513599245846e-01
5.258666606170251390e-01
5.910069877923949111e-01
6.729971157126795056e-01
7.139670354140921216e-01
8.009861386733773125e-01
8.609949198910203938e-01
9.149729988657274715e-01
9.519959128098605117e-01
9.799966464435829749e-01
9.957606228565509809e-01
9.979976932268153078e-01
9.869944520518022513e-01
9.649969119314717458e-01
9.169975744871342593e-01
8.829901152999924951e-01
8.410226925280125387e-01
7.853367166242891662e-01
6.890266687149683156e-01
6.089980759098838625e-01
5.489855315877705255e-01
4.669981046573534189e-01
3.739794208657571950e-01
2.941350195551806213e-01
2.232778195691359768e-01
1.510092975333910958e-01
1.138787986165724492e-01
8.448026300023242507e-02
3.204290829049995237e-02
2.519292201916780230e-02
1.445921623319923639e-02
2.113175401937377948e-02
3.774475691990025750e-02
9.526982947689663361e-02
1.324551387896384658e-01
1.872477939054455198e-01
2.419311948921266386e-01
2.941206335918485903e-01
3.864877338431207399e-01
4.689953581309527220e-01
5.541600407815717722e-01
5.800098543680691776e-01
6.873248141666705724e-01
7.440015132304381718e-01
8.109908608663903840e-01
8.889468831499593993e-01
9.219683765126047703e-01
9.709624648562439342e-01
9.799102699989752363e-01
9.969279804843054205e-01
9.959044592055628087e-01
9.791067134342978928e-01
9.399887424919776135e-01
9.189973003752041070e-01
8.739399930247998549e-01
8.088113991642050804e-01
7.480596186570946937e-01
6.640272214419787877e-01
6.113973358945465897e-01
5.119778341930839582e-01
3.777005443858338363e-01
3.349957140404375422e-01
2.900847849595485362e-01
1.827451845976453826e-01
1.460042506624615599e-01
7.562152526806857622e-02
5.284191759339879751e-02
3.511056785966126803e-02
2.683138053859337319e-02
2.295725229388716898e-02
4.341170900491090473e-02
4.356872751127086052e-02
9.146701392291656241e-02
1.211590362507043717e-01
2.050247938288958516e-01
2.768790047364428908e-01
3.439865365278210185e-01
4.116415493519128832e-01
4.709970511915883007e-01
5.741189421370763712e-01
6.549864369867021141e-01
7.136248410547726406e-01
7.818115076580998135e-01
8.539916338056879885e-01
9.009932376782487928e-01
9.449961687064748483e-01
9.739897175177095745e-01
9.889963297260954134e-01
9.939886000633360030e-01
9.819209521831507859e-01
9.689955289992412402e-01
9.479923176156491715e-01
8.719698316668847982e-01
8.446017148384000750e-01
7.692042108198227091e-01
7.180161613686457667e-01
6.028710598881229510e-01
5.162077555515590666e-01
4.496303514398533041e-01
3.890794863657376923e-01
3.156731482721115700e-01
2.470490100588064175e-01
1.722138616070912343e-01
1.414834882804272831e-01
9.182570027157342663e-02
5.199361435248833069e-02
2.112336574193999020e-02
1.600833817868810641e-02
2.251652360328731950e-02
3.508817512895853752e-02
6.190865364079873451e-02
1.160640399472364637e-01
1.660077667877060958e-01
2.314224308677556852e-01
2.889665427422486998e-01
3.549812841435566746e-01
4.615079725820352974e-01
5.269838426578996593e-01
6.289435917944427024e-01
6.959976719522972255e-01
7.478512126177652153e-01
8.139953008932213629e-01
8.589808366933491257e-01
9.119529737083336141e-01
9.479939791531697413e-01
