2.903406541186931793e-05
8.124857195329822525e-06
1.029854681975158389e-03
1.904790435669929464e-05
1.038315478154540859e-03
1.038051588698323717e-03
2.676701210006592925e-03
6.124023631215928624e-03
2.072459820417494377e-03
4.539901746469768642e-03
3.364062854447564914e-03
6.064900687711191618e-03
6.103373543830497606e-03
2.407237733495721631e-03
4.586188146838723195e-03
1.250892555991854746e-03
8.758021445489426113e-03
3.401735258313286908e-03
4.016910772361510090e-03
2.758178992908645079e-03
3.895078685962350025e-03
4.935936887433347870e-04
3.385466202917133786e-03
4.240923650983565406e-03
2.596721492125590464e-03
2.556430399712470315e-03
3.585673691716498041e-03
3.624719319141154247e-03
3.524408803379764765e-03
4.571365097113680789e-03
3.373096280554438962e-03
5.633830120077660750e-04
1.256465496375713602e-05
4.687953463298500794e-05
5.934031606673917142e-05
1.006770883816566955e-03
1.665171386979970665e-06
1.238058196967328783e-04
2.674415092968519362e-06
5.028249545356581423e-06
9.841249786829403518e-06
2.836608840070122431e-05
2.130853263503213867e-03
1.198881523107791570e-04
2.958537637900700377e-05
4.082699030097313928e-03
4.820237634813768910e-05
8.632749546781861704e-05
1.632739063888264276e-03
1.109379586456674636e-03
2.250106958195261398e-03
4.318366140810052552e-03
2.225850458173930790e-03
6.564594687006611307e-03
1.019511520959704917e-02
2.270478068682978395e-03
1.479108919644454801e-03
1.533170266942847967e-03
5.500059782083688460e-03
2.368688508064894713e-03
4.355251786269069905e-03
2.263245370290512329e-03
6.727488787592091589e-03
1.324064882036489000e-03
2.253778067149363878e-03
4.090882352620864477e-03
1.131076560032740841e-03
1.107500988182276869e-03
1.161388520601278626e-03
2.044082824026541463e-03
1.066882345050856927e-03
1.828373357381350112e-05
2.733810461595006640e-05
1.450396020762643310e-05
2.001610913694242249e-03
1.749382782754082667e-06
1.004459795140376149e-03
1.010164057509524947e-03
9.971153992683564379e-06
2.521022066692892055e-05
1.509955331960712499e-03
2.051122879381328881e-03
1.164949784184106298e-03
1.905900897738596817e-04
3.067111803793078940e-03
1.838865962203142974e-03
1.137018583244482932e-03
6.830189906712048724e-03
2.097108620646156735e-03
3.461512567674843253e-03
2.853128674359958414e-03
2.339767553178402366e-03
1.041139205438361935e-02
7.515163322248554281e-03
5.397111313410639898e-03
3.820986064917458302e-03
3.204262963388066626e-03
6.320866391493533409e-03
3.809199906504321786e-03
9.406453827896165201e-03
2.697408523935115009e-03
7.377349225999342563e-03
5.148922752480539038e-03
2.236411964497615670e-03
2.087662928233363115e-03
6.568350774823646901e-05
1.111001256218307771e-03
1.129677124491182709e-03
8.882785999067712270e-04
3.095882069968274551e-03
9.941304157808465713e-04
1.154994054668289116e-05
1.158114074226057841e-05
1.534773262560726895e-05
2.588797793663329747e-06
2.681258855839948271e-05
1.959760645933893687e-05
1.682061148555312035e-03
1.033123875164718630e-03
3.087632903399709083e-05
2.143353073794240435e-03
2.157639580368491371e-03
2.023192423065969456e-03
2.895225286559234210e-03
5.534328455001982956e-03
4.212040864737759058e-03
4.239083321864083390e-03
9.063598213811802431e-03
4.703976822736126093e-03
1.170888125512178218e-02
7.324830928510767461e-03
5.456289934247767273e-03
7.722477714670861713e-03
3.141653321716105906e-03
8.109888353296257693e-03
5.066184257715209034e-03
1.216460291744535802e-03
2.270451278601522214e-03
3.209974969765134068e-03
5.631336634126514126e-03
7.168418621755211738e-03
3.754308748030737216e-03
3.278559521117089051e-03
1.218512503359333969e-03
7.001847976499093670e-03
2.071468183563668526e-03
1.780281486345529590e-04
1.087901547067085051e-03
2.007757348458740366e-03
1.069646738230294221e-03
1.185900165491070215e-03
1.004776564089796985e-03
