1.041346209888191870e-05
1.582199257069074545e-05
1.847338328748025674e-05
1.247668510139549698e-03
5.996692945191402848e-05
9.068391268150198525e-04
2.090130008933781171e-03
2.088876852989873540e-03
3.303920832560505901e-03
2.938745596103315132e-03
1.201298022695906735e-03
4.761148283155875252e-03
7.916465511929794696e-03
3.365346383537216272e-03
9.411637037462537237e-04
2.338433752816891989e-02
4.553803407763667814e-03
1.320303322545750453e-02
3.205092963540739047e-03
9.684201576131190635e-04
1.229890713166523642e-03
4.072158612830419425e-03
3.040831674426286001e-03
2.178940503093548461e-03
2.507716208358468720e-04
1.143783443352399927e-03
3.529597598602590008e-03
2.098160029397281873e-03
1.104436259642195854e-03
9.786960204664621390e-05
2.168866943725407913e-03
7.470318664503542512e-05
2.950883473979997243e-03
1.432629327879690800e-05
5.834591148388243480e-05
3.504563456875622717e-06
4.219709690405868348e-06
2.232875953234201639e-04
1.925054677464823962e-06
4.997628315260136233e-06
1.009494999000792349e-03
7.904803159255981219e-06
1.007988053328034289e-03
2.429583730495379231e-05
1.221082024287354966e-03
2.962466479277040335e-03
4.467601888683579497e-04
3.085883605797793642e-03
2.701741255156465092e-03
1.353223929115640947e-03
1.921110930416788064e-03
9.597569460574331083e-04
1.437623819786784099e-03
4.611550473922092393e-03
4.533515797033776766e-03
2.169971253202548911e-03
2.916084348498868429e-03
6.622423486127238836e-03
3.698384530289360039e-03
5.331104779478055590e-03
5.801397099439177182e-03
2.444236270593079432e-03
3.530854370358912312e-03
2.337799681186157608e-03
3.572298734421422341e-03
2.291453697630098374e-03
2.323047851692741032e-03
1.043020396513940360e-03
1.383293676702554952e-03
2.067355347573049656e-03
1.216906504435834161e-04
1.100816918210049131e-03
2.545378046462861712e-04
1.014309369025895909e-03
2.463676172862972605e-05
1.588114249234532841e-05
1.101757081185091773e-05
2.761268919199425510e-05
1.095045454712518299e-05
6.135707888204684027e-06
1.007549389049783653e-03
6.200141135412706272e-05
4.088275436530715160e-04
6.841812231833429691e-04
9.989269405311993334e-05
7.286084470532912076e-03
2.885957007502290648e-03
3.217830336099593552e-03
3.066414986744026277e-03
1.365093280648053790e-03
4.299882704119306794e-03
6.469169082084605046e-03
2.962670690288112842e-03
1.376838174745930420e-02
4.133077365725901578e-03
6.205875257432413514e-03
5.158743364409019809e-03
6.366475140704183459e-03
3.253828315865239622e-03
3.380667071778986361e-03
4.026342065808019219e-03
4.020771476839466591e-03
2.955801558642209836e-03
3.306526041885761089e-03
5.522635991978994303e-03
6.947863159353758790e-03
2.263118862556658638e-03
2.090638749284743757e-03
7.100435255729436643e-05
1.076646634433642020e-04
1.229786764834970821e-04
1.118001123731412029e-03
2.021431978602794468e-03
1.005735488674774480e-03
3.270405583624797004e-06
9.147002747503483750e-06
4.212008748894024941e-05
2.060893158426405081e-03
3.166063709998472551e-05
1.036769813125454440e-03
8.347905443142700568e-04
1.112056641548730962e-03
3.058537252874713851e-03
3.251882059548191891e-04
2.192030235778390495e-03
1.343693502426472142e-03
1.180845771264240653e-03
3.238402249384433711e-03
2.438059179518522676e-03
3.604421519393627947e-03
3.314601378724711667e-03
4.395332916015294925e-03
5.489737953613967915e-03
3.428028277822780037e-03
3.392978103253951449e-03
2.731982202919102515e-03
7.286292109110186366e-04
7.303970116876705269e-03
2.167124164059197090e-03
2.186132149076427337e-03
1.382255873126595532e-03
4.163534714619153768e-03
4.137335078834467289e-04
3.690524472976556940e-03
1.908770602831940787e-03
1.272992444105530696e-03
2.059855487600537396e-03
2.945336941973736647e-03
1.063805862140200726e-03
1.418541125877914371e-03
3.275065101658640671e-04
1.013438739376968040e-03
