3.663897977722978955e-02
2.299672990939363379e-02
7.199026779171395496e-02
8.950785229818525313e-02
1.829741723679551846e-01
2.239288155306961015e-01
2.914169446981121903e-01
3.501023809478168713e-01
4.539316717500482268e-01
5.092137980091615557e-01
5.796364664603070871e-01
6.481115950203693021e-01
7.429367132054549572e-01
8.113262948576625000e-01
8.504013186703196503e-01
9.137157633051699035e-01
9.072362302179786120e-01
9.449606753520867208e-01
9.458486306821624057e-01
9.413507827665519301e-01
9.230394392777984125e-01
8.992888876075708637e-01
8.820226445923611269e-01
7.965644211498165150e-01
7.443407784271826033e-01
6.630037057407835999e-01
5.991863296242626591e-01
5.189439234023796033e-01
4.424741610326740071e-01
3.870634010166673633e-01
2.956335222049672473e-01
2.314473526853975671e-01
1.495739356559663003e-01
1.130091999165991068e-01
7.195697072632487035e-02
3.699517396995956331e-02
8.000135123298200007e-03
5.992941812114563858e-03
7.019474572268669457e-03
2.007144485537904269e-02
4.999480678053368904e-02
1.019754543789051365e-01
1.310260739006761377e-01
2.037814015077084595e-01
2.777444458375635805e-01
3.510167691633893083e-01
4.153667346505141023e-01
5.094036627261556704e-01
5.497377548747990339e-01
6.865588608130752668e-01
7.118810387409795215e-01
7.706901881913377217e-01
8.396122792539804092e-01
8.974646715561164223e-01
9.114432084413670587e-01
9.497288294379857554e-01
9.582574014370804916e-01
9.535110322012863016e-01
9.274924780625690701e-01
9.113103090128602535e-01
8.596506431078950738e-01
8.117610373033929960e-01
7.533322915432322242e-01
6.707332607767770849e-01
5.851328493672860454e-01
5.154899989290199214e-01
4.338705196025523514e-01
3.655941501323242138e-01
3.056111039778742211e-01
2.194728074854563615e-01
1.664083840925992264e-01
1.069897915408292710e-01
7.397836712385449931e-02
4.359666335533510240e-02
1.103345530837380149e-02
3.005493032391664144e-03
7.001076636436863454e-03
1.799711437899243274e-02
6.599152833134458440e-02
9.497762423691659406e-02
1.205576423457583313e-01
1.921510948425192433e-01
2.728409260115649548e-01
3.208145036257620819e-01
4.279522968680793404e-01
4.706377881833412324e-01
5.596691335328698447e-01
6.562376647855187040e-01
7.306584638431622425e-01
7.854949772910261308e-01
8.291253787267196529e-01
8.719800923828092687e-01
8.991697965349053634e-01
9.173926721089521452e-01
9.356105134207716167e-01
9.309898417579886010e-01
9.329531226764874452e-01
8.855334495163001973e-01
8.612269315526928093e-01
7.862118640787364443e-01
7.644909064683529376e-01
6.945856781121819701e-01
5.978945184169007776e-01
5.286039173377814482e-01
4.576727102757211507e-01
4.069317788646710787e-01
2.938988203046832837e-01
2.487623785990139003e-01
1.791151729630170719e-01
1.125511208347018399e-01
5.708493169558637170e-02
3.701965335229101539e-02
1.100374381381934857e-02
5.008415316647627825e-03
1.201601371972151576e-02
3.754617523322256734e-02
8.032779180392549123e-02
9.341127444762850618e-02
1.577932961480996155e-01
1.781155923581662359e-01
3.017647600428923771e-01
3.415298962667755456e-01
4.132162949545873376e-01
4.901681927632455249e-01
5.631979704139298271e-01
6.397853062603977570e-01
6.997156828272123041e-01
7.382046286867754992e-01
7.977327624500829550e-01
8.505079358202788375e-01
8.999556755757536219e-01
9.206234720317535425e-01
9.088048856654499241e-01
9.158285428997775535e-01
8.976172255451406734e-01
8.805857317100036497e-01
8.426321505561777947e-01
8.289463660532481182e-01
7.373739585635669114e-01
6.736972845553201861e-01
6.324036957154207661e-01
5.323559471676003740e-01
4.394116190378742903e-01
3.987112230985245809e-01
3.106408030612748394e-01
2.579269075377658149e-01
1.812338047842974864e-01
1.292871387424193719e-01
5.899312619694566800e-02
4.856535918636444710e-02
1.700406227882196933e-02
1.700764347532530280e-02
