5.626536358581496976e-05
1.539814974408888767e-05
7.542625326551175057e-04
1.170152789452358994e-03
2.036799444810132032e-03
1.676300944572529114e-04
2.047332975074374339e-03
1.497957094682802462e-03
3.447527159040755318e-04
2.807133663633219842e-03
1.180481964889063548e-03
6.875695480268916894e-03
6.170070238509541699e-03
8.064440528925159073e-04
3.358630326559533356e-03
6.471898467093839535e-03
3.730718145357990023e-03
4.282571961097285732e-03
3.885921789842625845e-03
4.540056909772228685e-04
9.568944386328109494e-03
3.542310638544573457e-03
7.201113945863753946e-03
9.414350597545823734e-04
2.971979174348564259e-03
4.228223683978903601e-03
2.437087854740243968e-03
4.914121081372071001e-03
1.931931792723056047e-03
6.160359145295794293e-03
1.074420354682769242e-03
9.142079729488893937e-05
7.404835941562255537e-05
1.075038686081074496e-03
1.761422487788736631e-05
3.728367705547340803e-05
4.846710539375060679e-05
2.445239388742941359e-04
9.231244121496387652e-05
3.249354436250919483e-04
4.703858168992942250e-04
4.750517838543660072e-04
5.795347899414911644e-03
1.592024060387823908e-03
1.936393317757936945e-03
1.387364341594574709e-04
4.399461950444129126e-03
3.248173865022871507e-03
3.134935718504317393e-03
2.538241954295584937e-03
5.019509330872210830e-03
4.929744996522477177e-03
4.817238224600999853e-03
3.599110879959608635e-03
3.631602981009631869e-03
5.783290004185198153e-03
5.507144398927162413e-03
4.736502519405908981e-03
2.338554497512428457e-03
2.743172163181235336e-03
3.115690437115770182e-03
1.440689538788526803e-03
3.464253066889521303e-03
3.373733657539982386e-03
1.205851027507864447e-03
1.192304971375966142e-03
3.783596781509453795e-04
7.107412212496449653e-05
1.089327686175627996e-03
2.380253711980738506e-05
1.036135944614377481e-03
1.754192002241491117e-05
7.630779582888353276e-05
1.056369448941176913e-03
2.827611355834856469e-05
3.335025920009107559e-05
3.114723489313437412e-05
3.205208818036387516e-03
7.509812987874472153e-04
1.378525497041388319e-03
2.144721237734499228e-03
2.165871225841122048e-04
2.275618260211230686e-03
6.744601483258788263e-03
4.720576368625012224e-03
6.485144891246514068e-03
1.226276146650374238e-02
2.375134445149824653e-03
3.275484831766839380e-03
5.467840459377279992e-03
3.327132854799818174e-03
1.588956089260678758e-02
4.644706255818502848e-03
4.008908178656304423e-03
9.138927047033040471e-03
4.127884153149670096e-03
3.062795958967260302e-03
7.147636110377431767e-03
3.772428071717929101e-04
2.820801530807802611e-03
4.127034867905922388e-03
5.710600752105650683e-04
3.238617105879181349e-03
7.339812943512680557e-05
2.223860192830690898e-03
6.435400953503984565e-05
7.752068063970676283e-05
1.512957299745053535e-03
2.015376153139446583e-03
1.871086983686929311e-05
5.336780258806584379e-05
3.989584914507349363e-05
1.026549975785320031e-03
1.303453883507736362e-03
1.750730103188432554e-04
2.559166363320673331e-03
1.358488757273540242e-03
4.333408307219650292e-03
1.488724156035561288e-03
2.158317147826994010e-03
1.875056124111012862e-03
4.511326038413774296e-03
3.991775089173890852e-03
6.223608615833882418e-03
4.868022621156766275e-03
4.524207602025880244e-03
7.176987839568303891e-03
3.636705692290063009e-03
4.336338901520821881e-03
1.281769374737090281e-02
6.382975088933227036e-03
4.144642004632147561e-03
2.440648458387881161e-03
6.038589840037934635e-03
6.151297859682265494e-04
2.460886082854264485e-03
3.139779376739630472e-03
1.117839913653363715e-03
2.398259248096619011e-03
2.486320834736873136e-03
3.995691276691491767e-03
1.240841828160062839e-04
2.672997336426049218e-03
2.024697044433016509e-03
6.283435608029163777e-05
1.409238212267392189e-03
1.623322892377301245e-04
2.476738386703091358e-05
1.012952853921777812e-03
1.116196767162625815e-03
1.100981151931495821e-03
2.148816577271327969e-03
