2.500323860007125712e-02
2.999318406396218190e-02
7.299782836057314150e-02
1.157225044835935857e-01
1.390844865373805084e-01
2.329887975541974909e-01
3.021759962642604491e-01
3.690207477141386749e-01
4.365612582937669628e-01
5.095905118270270817e-01
5.888770048734675022e-01
6.616512514183505722e-01
7.291562409465858208e-01
8.282798058182632150e-01
8.690433233539263114e-01
8.845948663031127923e-01
9.314489291651059100e-01
9.636528169379934283e-01
9.789713923621584657e-01
9.790131495920968430e-01
9.569013822893752685e-01
9.206383174081497200e-01
8.862383308869915544e-01
8.401015491998511386e-01
7.696097543103499472e-01
7.299723925903550681e-01
6.374505402222082617e-01
5.616432886106781375e-01
4.730289031233327335e-01
4.088951426055583704e-01
3.248340173435951272e-01
2.859582613992628919e-01
1.960629778526427058e-01
1.389907538157008626e-01
8.496865522278858329e-02
4.800058262668255304e-02
1.999913384672656613e-02
4.016089548125636489e-03
2.000381718507351567e-03
1.300055031988257490e-02
3.399359306952742105e-02
8.299452070970661510e-02
1.160018966466794810e-01
1.589530116346826449e-01
2.134422013514235550e-01
3.080108648057546250e-01
3.905551639012478926e-01
4.479285848064316622e-01
5.303001540874900943e-01
6.246673552051272837e-01
7.039438695144026870e-01
7.757624234848065070e-01
8.475530786468220557e-01
8.815096509095055044e-01
9.109862212027337591e-01
9.657871204562975542e-01
9.718909936323333332e-01
9.789183602806735829e-01
9.751698614503367946e-01
9.569241383006217294e-01
8.989287734236640626e-01
8.651006249397684700e-01
8.092213517241955145e-01
7.557310054266871413e-01
7.023070676737299678e-01
6.112208124592491965e-01
5.286815940173547057e-01
4.447969388219144005e-01
4.186068519552282874e-01
3.106078304857563532e-01
2.558767961191183438e-01
1.879083222153996591e-01
1.107985790453943631e-01
7.701731411836940100e-02
2.901289838202749521e-02
2.007384885853243095e-02
3.061001944882752162e-03
4.067928105245244980e-03
2.088233611115488872e-02
6.000512180013413410e-02
7.999515023574611805e-02
1.259980055638460772e-01
1.907797732921417133e-01
2.512562001197219397e-01
3.358728858639681292e-01
3.813165796349204384e-01
4.851362087994137151e-01
6.190816252780666495e-01
6.619378709728184207e-01
7.085501217598033641e-01
8.129549326982353774e-01
8.475265802554537986e-01
9.214158040416433604e-01
9.333897006591419521e-01
9.607563547746128529e-01
9.669627442039742116e-01
9.718840043417037444e-01
9.502218158543849214e-01
9.531774441728639857e-01
9.051523190053044621e-01
8.748146216834875588e-01
7.909544346942647408e-01
7.201651937049148300e-01
6.527069374302932880e-01
5.828358146561081199e-01
5.220550856490580038e-01
4.236179390003670941e-01
3.429229242640131625e-01
2.863041545926701126e-01
2.180808276784568234e-01
1.458853875178284798e-01
9.788876119801981357e-02
5.298239931492242788e-02
2.500454699361566793e-02
1.100039986832102544e-02
6.002252933916554789e-03
1.803692772936021926e-02
2.894357784233230271e-02
5.197602174725091118e-02
1.269933985199897253e-01
1.545634946172856905e-01
2.296837325386285877e-01
2.789253013784795954e-01
3.968037519059221530e-01
4.816002142126625252e-01
5.490259550577202274e-01
6.097396678629979361e-01
6.810884494785038878e-01
7.505129307616751344e-01
8.241817168735151578e-01
8.552019103408480261e-01
9.037789668124113218e-01
9.425166476938977578e-01
9.754486059802371933e-01
9.805986837180579174e-01
9.747514941937935884e-01
9.641831956601304432e-01
9.307873762423245489e-01
8.817688358887042499e-01
8.318061010632175067e-01
7.671953132591178282e-01
7.068699225431323008e-01
6.446049823485597852e-01
5.348015029449880720e-01
4.711073867392683301e-01
3.697834157614517947e-01
3.019424725601023152e-01
2.492034504402610151e-01
1.849408932446384157e-01
1.396006221807728764e-01
8.771951978150055451e-02
5.099258210745324232e-02
