3.567779976737630233e-07
2.701749803845566981e-06
1.160660038556783473e-07
1.351537588515375585e-06
2.588155486574125013e-06
1.692664757791577133e-06
5.206207667843983317e-05
1.017256157447281794e-03
1.005755005536496278e-03
1.681336591684013583e-05
3.002363768429703195e-03
1.147029806516019265e-03
1.008515321304129112e-03
1.070651051787021657e-03
1.009287634523817591e-03
8.406786859638278714e-05
1.981200230191959913e-03
4.062428991282242307e-05
1.918108118593493065e-03
2.049222887506635740e-03
1.031667848421799179e-03
1.949224227897147386e-03
2.124238586115603615e-03
4.009370185450774476e-03
3.009016432286934321e-03
3.314016977897655787e-04
1.107883721841138773e-03
5.670142292462509456e-05
8.807489230644667587e-04
6.691081857967438599e-06
1.770622241189778127e-03
8.860999059719215282e-06
1.999076723746990962e-03
8.252840690565514605e-05
1.234721022780636400e-06
7.249576910368952362e-08
1.976999705546566296e-07
5.416209145486553500e-09
3.673187013051476307e-04
1.217780421118534143e-07
4.570195181211653738e-08
9.501532456460118001e-04
1.000704231301015063e-03
1.297146828503625753e-06
2.762927035820214372e-06
1.269285168327897182e-03
1.508315125624332858e-03
1.943865907063838886e-03
1.003470858968593966e-03
2.020385003231341819e-03
1.462171506436174258e-04
1.000262076823617806e-03
1.519197615381054169e-05
3.041999947291711311e-03
3.067139282679877746e-03
1.548925599518727116e-05
1.710031911296165712e-05
2.037580698278210634e-03
1.012997023003485908e-03
2.604553678548768075e-05
2.011129367299018846e-03
1.385519954690833536e-03
1.948273378501777595e-03
1.107704789743391063e-03
1.288644535569343245e-03
6.832612114698855509e-05
2.018482736785794096e-03
6.942484342440157028e-04
2.003419493850909592e-03
1.038998290419120354e-03
9.168599580417581335e-05
3.303906633924713810e-05
1.801114125856216155e-06
3.848004987021441611e-07
3.736839749368114098e-08
1.861543190514097975e-07
2.834935018984773191e-10
1.000005489042401618e-03
3.772674223565965378e-07
7.472230173374450906e-07
3.826096138117579246e-07
1.040436229510606969e-03
1.003242017612020025e-03
1.846182963473871027e-06
2.038893773083365508e-03
1.022107480311009679e-03
1.008134744256680747e-03
5.441393465984741465e-06
1.016991112673251230e-03
2.174703296971242355e-03
9.088197279003531115e-04
2.337128742466655000e-05
3.082355674931233896e-03
4.954809147655150653e-05
1.560722457211326426e-04
3.972790893655829699e-04
2.107930642666235380e-03
5.013570872370161531e-03
4.029166757018329791e-03
1.535852394004676174e-05
8.393279351627771947e-05
2.077131777011614628e-03
2.224355352540012716e-03
7.439884402275716504e-06
2.005743890198123918e-03
1.019623102801828132e-03
2.007919443864969889e-03
1.014478921840902088e-03
3.766558958845840383e-05
8.234266897164968740e-07
2.569112334821406043e-05
1.068325026907847948e-06
9.834397619626951939e-07
5.826114202187945029e-07
7.875990804776249279e-09
6.033200177930468332e-09
7.561960155278415036e-08
4.185443592227578836e-07
3.129825065973010312e-07
9.993102001085078876e-04
7.144494510070002768e-06
1.000078532345194350e-03
1.008308611118665082e-03
3.517374980383675289e-05
4.196486035652920426e-05
4.212410210404880784e-03
2.101892420075990222e-03
2.321855300155320576e-03
1.027511995708817313e-03
8.601268446381551101e-04
1.013974427756605913e-03
1.022130613258797694e-03
2.541166717391062004e-03
1.085473174234783279e-03
2.933256658535144789e-03
4.649323610670282996e-05
1.088833656527966230e-05
2.025821600059451045e-03
3.430628285103008279e-03
2.680623928421727118e-03
1.174084555619863204e-03
7.521427034249162659e-05
1.010238477755645049e-03
1.376519364150849325e-03
1.850995683387407725e-05
2.082021696143776881e-05
2.856364088390067445e-05
3.001681033454510830e-03
6.043368858889513031e-04
2.001084805824221349e-03
3.062770089567571315e-06
2.978499543829240761e-08
