3.000116624028585990e-02
2.999910610456210311e-02
6.100071307175233132e-02
1.000003596486768870e-01
1.500000635597237286e-01
2.092111572510088890e-01
2.758534336856556801e-01
3.240671744150269151e-01
4.271418682883841855e-01
5.269224231746458820e-01
5.975766175685515158e-01
6.769287791683027411e-01
7.525731356502288749e-01
8.041774710373837953e-01
8.686853278140518331e-01
9.215100422782036560e-01
9.511594524529283223e-01
9.734820702826911809e-01
9.890561678922067390e-01
9.834049576515913049e-01
9.609620471816975318e-01
9.396867452645951690e-01
8.919177277272047899e-01
8.317262526026494296e-01
8.084113576457775396e-01
6.969574952365514831e-01
6.628525358195193062e-01
5.323669656602715294e-01
4.923196315430449221e-01
4.082389469956608230e-01
3.197700516548055427e-01
2.479858797857850128e-01
2.090009386590224449e-01
1.599205081901132752e-01
9.517492948786229756e-02
4.401021981368593433e-02
2.400004960197259923e-02
6.000254261420300342e-03
5.632814125780741601e-03
1.400013574746584825e-02
4.900082880714204392e-02
8.749049355236014625e-02
1.270137985026522087e-01
1.780051124231113446e-01
2.280025829016369687e-01
3.207940053260958657e-01
4.103561503988018000e-01
4.480560371660703978e-01
5.581940125047535339e-01
6.312412478532917204e-01
7.048412895638231923e-01
7.450353181667290769e-01
8.349551726579029776e-01
8.797492722733245563e-01
9.338938816870756554e-01
9.567797233967503256e-01
9.848120086595535394e-01
9.801667632070147906e-01
9.707998805412905163e-01
9.580093469140018581e-01
9.162993912333737834e-01
8.548229531499177414e-01
8.260867679258897534e-01
7.738863965605178308e-01
6.605048177371670715e-01
6.410709709051796157e-01
5.463895907375485583e-01
4.603056639206092870e-01
3.650046560535101237e-01
3.247805172226513881e-01
2.409115495429194898e-01
1.809522236765449266e-01
9.543690357109253786e-02
7.700618027739530858e-02
3.926430633243511992e-02
1.000027234767898385e-02
3.000383583662129608e-03
1.611352616439561819e-02
1.900403844582845489e-02
5.699642507928942559e-02
9.304486242432583043e-02
1.440000336869313169e-01
2.181515455906619660e-01
2.939980590541670380e-01
3.517642116938508035e-01
4.259642368223963138e-01
4.871805071466960291e-01
5.899902981038946947e-01
6.569662409940790759e-01
7.367370015157892471e-01
7.575355255741136329e-01
8.597844180582290274e-01
8.940156670635415193e-01
9.479481245227311392e-01
9.638153608544031137e-01
9.799355192818088867e-01
9.807754177519791838e-01
9.685749170301570787e-01
9.285388571707121619e-01
9.070692082934649347e-01
8.502054758282399094e-01
8.079097306194803485e-01
7.316277952302564502e-01
6.819991570323685748e-01
5.881943684796669958e-01
5.171127037799415627e-01
4.183357734347524781e-01
3.557987298691382416e-01
2.869260132901170768e-01
2.080411206310125438e-01
1.569745118036955100e-01
9.597102543107344230e-02
7.099922700571668910e-02
3.000178723714134327e-02
8.003788329712397537e-03
7.000890176443144881e-03
1.488858070780657919e-02
3.007801695448034107e-02
6.001265228011064268e-02
1.059721028174515078e-01
1.546208194534822167e-01
2.439930141452750223e-01
2.960098224132218792e-01
3.689045710131372280e-01
4.619847962044704159e-01
4.997934082817208634e-01
6.030069248765695944e-01
6.679292978455443341e-01
7.349483351276561161e-01
8.301380956954315105e-01
8.680791191781038751e-01
9.253449133710303087e-01
9.373786571486235619e-01
9.739760152542696892e-01
9.730259340394018519e-01
9.785153733602484083e-01
9.585584246665554975e-01
9.179740011249506448e-01
8.885018307995807829e-01
8.553959226991421083e-01
7.857492664575072006e-01
6.908854178000517487e-01
6.330088760027083872e-01
5.654128375651130689e-01
4.665391674807493061e-01
4.229866832526216758e-01
3.231536070509460901e-01
2.540039282389215947e-01
1.913736296829383066e-01
1.349948936102138564e-01
9.805562793957622869e-02
4.001185251339905991e-02
